# SHG chi units=pm/V component=yxy
# full-BZ normalized susceptibility/conductivity
# energy_eV total_re total_im
0.00000000000000000e+00 -1.71260877028677882e-03 4.52649207690758547e-07
2.01005025125628144e-02 -8.62539176376830516e-04 6.61167942050734994e-03
4.02010050251256287e-02 -1.28429299361431347e-03 3.31287639349245972e-03
6.03015075376884396e-02 -1.43535017356532504e-03 2.21225722025252198e-03
8.04020100502512575e-02 -1.51605905890119267e-03 1.66261430727744066e-03
1.00502512562814075e-01 -1.56905355968141834e-03 1.33350940392410800e-03
1.20603015075376879e-01 -1.60878439892603222e-03 1.11470978792673620e-03
1.40703517587939697e-01 -1.64150067738260568e-03 9.58957958441965415e-04
1.60804020100502515e-01 -1.67035300278278558e-03 8.42622095096328067e-04
1.80904522613065333e-01 -1.69711109882083981e-03 7.52573135727566426e-04
2.01005025125628151e-01 -1.72285461835967272e-03 6.80934187940067165e-04
2.21105527638190968e-01 -1.74828829667377037e-03 6.22693503803901059e-04
2.41206030150753759e-01 -1.77389999479890710e-03 5.74510840546515068e-04
2.61306532663316604e-01 -1.80004606107074614e-03 5.34074690807962533e-04
2.81407035175879394e-01 -1.82700030393380354e-03 4.99734973795236881e-04
3.01507537688442184e-01 -1.85498355077088153e-03 4.70282651713257614e-04
3.21608040201005030e-01 -1.88418229559644173e-03 4.44811996533654567e-04
3.41708542713567820e-01 -1.91476094481881579e-03 4.22631479509707466e-04
3.61809045226130666e-01 -1.94687017123283700e-03 4.03204376835285575e-04
3.81909547738693456e-01 -1.98065283355636744e-03 3.86108146886484825e-04
4.02010050251256301e-01 -2.01624834003016635e-03 3.71006011859341801e-04
4.22110552763819091e-01 -2.05379600439840534e-03 3.57626679226254770e-04
4.42211055276381937e-01 -2.09343774870796029e-03 3.45749617257545112e-04
4.62311557788944727e-01 -2.13532039075315250e-03 3.35194198743548450e-04
4.82412060301507517e-01 -2.17959768381883415e-03 3.25811591237982958e-04
5.02512562814070307e-01 -2.22643223478960787e-03 3.17478630835482808e-04
5.22613065326633208e-01 -2.27599740555477258e-03 3.10093155184933155e-04
5.42713567839195998e-01 -2.32847929751520437e-03 3.03570427665066794e-04
5.62814070351758788e-01 -2.38407893076633421e-03 2.97840393541090674e-04
5.82914572864321578e-01 -2.44301476333455211e-03 2.92845585003852617e-04
6.03015075376884369e-01 -2.50552576381307852e-03 2.88539545430072780e-04
6.23115577889447270e-01 -2.57187537835621175e-03 2.84885684514986164e-04
6.43216080402010060e-01 -2.64235696917446920e-03 2.81856508330601333e-04
6.63316582914572850e-01 -2.71730174519969284e-03 2.79433194963188002e-04
6.83417085427135640e-01 -2.79709105636272160e-03 2.77605513556148016e-04
7.03517587939698541e-01 -2.88217660193926944e-03 2.76372111860097238e-04
7.23618090452261331e-01 -2.97311552067345847e-03 2.75741232831309491e-04
7.43718592964824121e-01 -3.07063453165126602e-03 2.75731966191824064e-04
7.63819095477386911e-01 -3.17575304348031214e-03 2.76376209495978831e-04
7.83919597989949701e-01 -3.29003095546403449e-03 2.77721617100949259e-04
8.04020100502512602e-01 -3.41609135113073734e-03 2.79835985265933381e-04
8.24120603015075393e-01 -3.55877255852159267e-03 2.82813808465007482e-04
8.44221105527638183e-01 -3.72774539349871687e-03 2.86786245618570379e-04
8.64321608040200973e-01 -3.94327498015740671e-03 2.91926510558687745e-04
8.84422110552763874e-01 -4.24424192428966840e-03 2.90245274777338913e-04
9.04522613065326664e-01 -4.62486950666344578e-03 -6.20899106333769758e-04
9.24623115577889454e-01 -3.58325145348218450e-03 -1.35438794479187177e-02
9.44723618090452244e-01 1.02480179073804242e-02 -1.73876874746805403e-02
9.64824120603015034e-01 7.94464070602108816e-03 4.36315300833002642e-02
9.84924623115577935e-01 -2.05333534424515830e-02 5.47678650336578601e-02
1.00502512562814061e+00 -3.65163505304513594e-02 9.98253101394305092e-03
1.02512562814070352e+00 -3.14334259599881108e-02 -3.42865882103891018e-02
1.04522613065326642e+00 -1.36286079323091770e-02 -5.50746797737955290e-02
1.06532663316582910e+00 6.17248356533403771e-03 -5.72892328909211865e-02
1.08542713567839200e+00 2.59220156272720811e-02 -4.64957425813670999e-02
1.10552763819095468e+00 3.87306486399289635e-02 -2.06155904637578009e-03
1.12562814070351758e+00 3.22395553752085270e-02 4.46697550907906929e-02
1.14572864321608048e+00 1.22626477139124081e-02 6.94166735431647475e-02
1.16582914572864316e+00 -1.32541734346853599e-02 7.54245789091276680e-02
1.18592964824120606e+00 -3.40317420776068205e-02 6.64292634299492452e-02
1.20603015075376874e+00 -5.29392014798321375e-02 4.32772760191631259e-02
1.22613065326633164e+00 -6.30972308110478025e-02 2.04473606549136315e-02
1.24623115577889454e+00 -6.57507573395494233e-02 -1.31502896183354270e-02
1.26633165829145722e+00 -6.15059384437635637e-02 -3.51669318412295012e-02
1.28643216080402012e+00 -5.09647425409189905e-02 -6.42218246142523402e-02
1.30653266331658302e+00 -3.47962501700988941e-02 -7.57041066825307890e-02
1.32663316582914570e+00 -1.67636344299987618e-02 -8.03894774071231277e-02
1.34673366834170860e+00 -2.72474797944335500e-03 -6.61153528702378424e-02
1.36683417085427128e+00 3.28962657485800097e-03 -4.86427110482147498e-02
1.38693467336683418e+00 6.81226355798032583e-03 -8.83441949792576064e-02
1.40703517587939708e+00 4.61695200892029492e-02 -8.93372938722788029e-02
1.42713567839195976e+00 5.58503671642197816e-02 1.75055327808054800e-02
1.44723618090452266e+00 1.31946739063692683e-02 6.51613988383830528e-02
1.46733668341708534e+00 -1.16585428869254056e-02 1.97545631500046261e-02
1.48743718592964824e+00 -1.78850923482065972e-02 -1.17089381375573218e-02
1.50753768844221114e+00 -1.61651192259524706e-02 -3.68117455534611865e-02
1.52763819095477382e+00 -8.49107927781457203e-03 -5.34162372142002601e-02
1.54773869346733672e+00 5.98168082394826776e-03 -6.74867855949804751e-02
1.56783919597989940e+00 2.43912803849416944e-02 -6.75569204721210154e-02
1.58793969849246230e+00 3.33073009731039565e-02 -4.16387840817616650e-02
1.60804020100502520e+00 3.91438870397538274e-02 -2.05319116662396987e-02
1.62814070351758788e+00 3.16431826963682258e-02 -1.16280686053296910e-02
1.64824120603015079e+00 2.15557507917311236e-02 -6.79988488117555870e-03
1.66834170854271346e+00 2.03365959360168741e-02 -7.52977306682583829e-03
1.68844221105527637e+00 2.52995099938385752e-02 -2.27519645650386369e-02
1.70854271356783927e+00 3.51649392672289535e-02 -2.85851749488089633e-02
1.72864321608040195e+00 4.16361020922516728e-02 -3.01732293073438520e-03
1.74874371859296485e+00 3.24314008657864000e-02 3.77481529905908317e-02
1.76884422110552775e+00 7.47035975428199644e-03 3.83233515721236803e-02
1.78894472361809043e+00 1.76202320427149716e-04 1.07258002570283055e-02
1.80904522613065333e+00 -8.55814976665255495e-03 -8.16210329654301799e-03
1.82914572864321601e+00 -1.04879942451604081e-03 -3.51246076446452490e-02
1.84924623115577891e+00 6.23212826854700492e-03 -3.80381479099016692e-02
1.86934673366834181e+00 1.84168945346605863e-02 -4.69992790354530551e-02
1.88944723618090449e+00 2.13045113598349760e-02 -2.70413638029795636e-02
1.90954773869346739e+00 2.52327417658698080e-02 -6.92143162545584001e-02
1.92964824120603007e+00 5.44781472278280318e-02 -1.02435756591391369e-01
1.94974874371859297e+00 8.94854028743584939e-02 -8.65747809043492939e-02
1.96984924623115587e+00 1.10247319597611290e-01 -4.14893190738037099e-02
1.98994974874371855e+00 1.20823600527543054e-01 5.26413261111649110e-03
2.01005025125628123e+00 1.13264841438607364e-01 6.66990912631750116e-02
2.03015075376884413e+00 9.13046831289246880e-02 1.00871562405565884e-01
2.05025125628140703e+00 6.62156070977806960e-02 1.16207988487572730e-01
2.07035175879396993e+00 4.79283815459870186e-02 1.03396865931789081e-01
2.09045226130653283e+00 3.67749074216135938e-02 1.10118332833992028e-01
2.11055276381909529e+00 1.94953517716020402e-02 1.51522720963213342e-01
2.13065326633165819e+00 -1.94125597789725803e-02 1.77707193701912652e-01
2.15075376884422109e+00 -7.13770642347740236e-02 1.86854503117402648e-01
2.17085427135678399e+00 -1.04444013760315035e-01 8.24783830910199856e-02
2.19095477386934689e+00 -1.01753784115789045e-01 2.52412240745968977e-02
2.21105527638190935e+00 -9.27865244251647597e-02 -2.31767378965355188e-02
2.23115577889447225e+00 -6.77654315774134930e-02 -6.05657886735243983e-02
2.25125628140703515e+00 -4.08976405046243899e-02 -8.13682227433324273e-02
2.27135678391959805e+00 -1.08572235640328526e-02 -9.66038029588586061e-02
2.29145728643216096e+00 2.92526395741269860e-02 -1.05251771309732081e-01
2.31155778894472341e+00 6.70296833114502472e-02 -1.13373651898336231e-01
2.33165829145728631e+00 9.14156661503499474e-02 3.11101790938875461e-03
2.35175879396984921e+00 8.10366372505290540e-03 1.86122083453986759e-01
2.37185929648241212e+00 -5.32265614003868820e-02 -2.93008324882627243e-02
2.39195979899497502e+00 -1.71005957931930630e-02 -4.86546054255018595e-02
2.41206030150753747e+00 -7.68384948536105904e-03 -4.51753469534219299e-02
2.43216080402010038e+00 3.39338462783369613e-02 -2.48495772984334493e-02
2.45226130653266328e+00 3.11968586745773047e-02 3.53669691626838992e-02
2.47236180904522618e+00 2.35075473184755586e-02 1.57989265309171102e-02
2.49246231155778908e+00 2.12814208942319789e-02 5.37528484162819800e-02
2.51256281407035198e+00 -8.06563542289569571e-03 2.20761315089273470e-02
2.53266331658291444e+00 6.56320175526653449e-03 -2.13161696847890790e-02
2.55276381909547734e+00 2.06288648853686050e-02 8.87014525742746592e-03
2.57286432160804024e+00 2.33337623814043361e-02 2.23123433962296031e-02
2.59296482412060314e+00 2.36449080392976616e-02 4.71300571945349189e-02
2.61306532663316604e+00 1.50401774440270183e-02 4.15769603747053879e-02
2.63316582914572850e+00 2.11480283298014216e-02 2.72400641540520572e-02
2.65326633165829140e+00 3.50969499500913759e-02 1.47792179769064905e-02
2.67336683417085430e+00 6.88773041138539127e-02 -1.41193094856936954e-02
2.69346733668341720e+00 1.36762081769967930e-01 -1.56294453235432867e-01
2.71356783919598010e+00 3.08997690788392287e-01 -5.50142564778715148e-01
2.73366834170854256e+00 6.23406213736643844e-01 -3.31635724332935755e-01
2.75376884422110546e+00 3.73255572088439180e-01 1.22076849488749928e+00
2.77386934673366836e+00 -4.91029612717165442e-01 1.17822316815405914e+00
2.79396984924623126e+00 -6.77100283493259791e-01 -1.76076483639353021e-01
2.81407035175879416e+00 -4.86251232118522114e-01 -4.81647808542337685e-01
2.83417085427135662e+00 -1.94394950110440223e-01 -2.65359157182968819e-01
2.85427135678391952e+00 -1.85172529438852568e-01 1.07440510917376414e-01
2.87437185929648242e+00 -1.45011793494183333e-01 -1.26692583689480914e-01
2.89447236180904532e+00 -6.62443325727397475e-02 -4.36210600968343649e-03
2.91457286432160823e+00 -1.16912978605140772e-01 1.39434787115455261e-01
2.93467336683417068e+00 -1.94916530345773054e-01 -7.80630232911495026e-02
2.95477386934673358e+00 -9.43930534123102322e-02 -9.11700545775842759e-03
2.97487437185929648e+00 -2.41668256978571083e-01 3.59371454151069192e-01
2.99497487437185939e+00 -2.20295140493635688e-01 -5.58704278513014407e-01
3.01507537688442229e+00 2.65354093122199930e-01 -7.76603619388464006e-01
3.03517587939698474e+00 4.03552829418848957e-01 2.42208227251500124e-01
3.05527638190954764e+00 2.09264447801567194e-01 3.44487708901960121e-01
3.07537688442211055e+00 8.32370072324682408e-02 1.33193272114272232e-01
3.09547738693467345e+00 3.18379716684443342e-02 -5.57812899065299322e-02
3.11557788944723635e+00 1.20561178802805924e-01 -3.10858413325543481e-01
3.13567839195979881e+00 2.28534832504025009e-01 2.22528704595487153e-01
3.15577889447236171e+00 -4.69476808436598836e-02 3.80976001496040162e-01
3.17587939698492461e+00 -1.30566943987916601e-01 -1.00981419390591774e-03
3.19597989949748751e+00 -4.67402455326391894e-02 -1.41567475587610347e-01
3.21608040201005041e+00 -3.91674287108449964e-03 3.26088626923477717e-02
3.23618090452261287e+00 -4.99791071059459899e-02 1.70312323756268619e-01
3.25628140703517577e+00 -1.30889097538185617e-01 9.58314515621097734e-02
3.27638190954773867e+00 -1.61873308827938323e-01 -4.21353261737799321e-03
3.29648241206030157e+00 -1.82139724703321154e-01 -4.50080008799604026e-02
3.31658291457286447e+00 -2.48993197420831258e-01 1.18315376480890744e-01
3.33668341708542693e+00 -4.60397694361860566e-01 3.46075125655713023e-01
3.35678391959798983e+00 -7.78114870648773604e-01 5.56378079031830008e-01
3.37688442211055273e+00 -1.20207794264050349e+00 2.20935799853775539e+00
3.39698492462311563e+00 -2.30160971508111523e+00 -1.02846990330028709e+00
3.41708542713567853e+00 8.34559536198285823e-01 -5.75529037328610027e+00
3.43718592964824099e+00 1.94819301662101796e+00 4.33413686382354668e-01
3.45728643216080389e+00 1.34547404496605916e+00 1.80429452161878912e+00
3.47738693467336679e+00 4.45517089329523608e-01 1.10365189930651453e+00
3.49748743718592969e+00 1.43131200174297701e-01 -5.59190986823626807e-02
3.51758793969849259e+00 1.51778719204443413e-01 -1.64782156700583104e-01
3.53768844221105550e+00 8.54275099341269273e-02 8.57064087296870690e-03
3.55778894472361795e+00 6.99505292115741167e-02 -1.60891228980519947e-02
3.57788944723618085e+00 4.04805778156354448e-02 3.08023230034727442e-03
3.59798994974874375e+00 2.33527484798748616e-02 -3.17890669413204777e-02
3.61809045226130666e+00 2.27277787444385045e-02 -6.62672939120064353e-03
3.63819095477386956e+00 -1.38611044001276246e-02 8.29401621478157297e-02
3.65829145728643201e+00 -7.45768637876655510e-02 1.07686373757778439e-01
3.67839195979899491e+00 -7.36854067620452552e-02 -3.11611828761369836e-01
3.69849246231155782e+00 1.65449811523138035e-01 -1.94469376550280876e-01
3.71859296482412072e+00 1.22793580515106027e-01 1.03299477183265195e-01
3.73869346733668362e+00 9.15660232307325822e-02 8.98975571780652460e-03
3.75879396984924607e+00 7.71885794258104357e-02 6.80918445275352918e-02
3.77889447236180898e+00 4.22066315789469356e-04 3.99436907141576744e-02
3.79899497487437188e+00 7.26454200828666359e-03 -4.26832997186069180e-02
3.81909547738693478e+00 3.52571019138150487e-03 2.11597449680369226e-02
3.83919597989949768e+00 -9.20766439054933328e-03 -1.59772451302605026e-03
3.85929648241206014e+00 -1.12551312094042268e-03 -1.39865051741824321e-02
3.87939698492462304e+00 6.23932158967196136e-03 -5.56450481912013680e-03
3.89949748743718594e+00 7.84828385052625636e-03 4.50522717861007518e-03
3.91959798994974884e+00 7.07760865735754426e-03 1.84451686955973675e-03
3.93969849246231174e+00 8.81429359914142480e-03 -8.45908936038110640e-03
3.95979899497487420e+00 1.43486506537874453e-02 -1.12171615934151068e-02
3.97989949748743710e+00 1.75586325501596655e-02 -2.76908069955300205e-03
4.00000000000000000e+00 1.73907770147018227e-02 4.82935534552028558e-03
