# SHG chi units=pm/V component=yxx
# full-BZ normalized susceptibility/conductivity
# energy_eV total_re total_im
0.00000000000000000e+00 1.40313717218210368e+01 1.16227961054028824e-06
2.01005025125628144e-02 1.40985729973318819e+01 5.22379687460366397e-03
4.02010050251256287e-02 1.40593691631767861e+01 2.61851788304394905e-03
6.03015075376884396e-02 1.40390323917285880e+01 1.74800460675514835e-03
8.04020100502512575e-02 1.40209236849010779e+01 1.31286388787922245e-03
1.00502512562814075e-01 1.40015062564840829e+01 1.05204217843140463e-03
1.20603015075376879e-01 1.39795022996377671e+01 8.78418636208852369e-04
1.40703517587939697e-01 1.39542671442908759e+01 7.54637469720197368e-04
1.60804020100502515e-01 1.39253762272200881e+01 6.62016537276654236e-04
1.80904522613065333e-01 1.38924854326246692e+01 5.90175985574025569e-04
2.01005025125628151e-01 1.38552738103511039e+01 5.32888030536806507e-04
2.21105527638190968e-01 1.38134161634884673e+01 4.86190026423359762e-04
2.41206030150753759e-01 1.37665679082530659e+01 4.47440852349946820e-04
2.61306532663316604e-01 1.37143554015220435e+01 4.14812763025907999e-04
2.81407035175879394e-01 1.36563687965481879e+01 3.87001004905940661e-04
3.01507537688442184e-01 1.35921560361562630e+01 3.63049587564618053e-04
3.21608040201005030e-01 1.35212172717518939e+01 3.42242399732382103e-04
3.41708542713567820e-01 1.34429993182878800e+01 3.24032768566722069e-04
3.61809045226130666e-01 1.33568899205061538e+01 3.07996516302869758e-04
3.81909547738693456e-01 1.32622117001749213e+01 2.93799861002981175e-04
4.02010050251256301e-01 1.31582157182691031e+01 2.81176970992543158e-04
4.22110552763819091e-01 1.30440746422677574e+01 2.69913959725626216e-04
4.42211055276381937e-01 1.29188755722591910e+01 2.59837278176872988e-04
4.62311557788944727e-01 1.27816126646542454e+01 2.50805173608855802e-04
4.82412060301507517e-01 1.26311798163052575e+01 2.42701329017506713e-04
5.02512562814070307e-01 1.24663638590518264e+01 2.35430083186135105e-04
5.22613065326633208e-01 1.22858390018988430e+01 2.28912819969665822e-04
5.42713567839195998e-01 1.20881637026075861e+01 2.23085239032432583e-04
5.62814070351758788e-01 1.18717818441883392e+01 2.17895310006867060e-04
5.82914572864321578e-01 1.16350311837565616e+01 2.13301771221328929e-04
6.03015075376884369e-01 1.13761637780655427e+01 2.09273080538613187e-04
6.23115577889447270e-01 1.10933858870502426e+01 2.05786762092108886e-04
6.43216080402010060e-01 1.07849294272931928e+01 2.02829121305066922e-04
6.63316582914572850e-01 1.04491746441952067e+01 2.00395330480459969e-04
6.83417085427135640e-01 1.00848565491976565e+01 1.98489916629424642e-04
7.03517587939698541e-01 9.69140999581146012e+00 1.97127720755577683e-04
7.23618090452261331e-01 9.26954799357472758e+00 1.96335444917366820e-04
7.43718592964824121e-01 8.82224065550311032e+00 1.96153972882757988e-04
7.63819095477386911e-01 8.35640012259996467e+00 1.96641751658529855e-04
7.83919597989949701e-01 7.88584827743539662e+00 1.97879679353224209e-04
8.04020100502512602e-01 7.43670093106014907e+00 1.99978197386601898e-04
8.24120603015075393e-01 7.05749430699687252e+00 2.03087700188354849e-04
8.44221105527638183e-01 6.83901975768354919e+00 2.07415035073705840e-04
8.64321608040200973e-01 6.95458706169963037e+00 2.19246038612729883e-04
8.84422110552763874e-01 7.74033207229498643e+00 5.54377621192672556e-03
9.04522613065326664e-01 9.79043573023497515e+00 6.90320572260965659e-01
9.24623115577889454e-01 1.28998054928607431e+01 1.42420892553317344e+01
9.44723618090452244e-01 4.16914806413145023e+00 5.78065423049231981e+01
9.64824120603015034e-01 -2.36315676676325239e+01 7.66046745813654724e+01
9.84924623115577935e-01 -5.03472168821961645e+01 6.86881189421979883e+01
1.00502512562814061e+00 -7.59630523004678224e+01 5.96196139504843359e+01
1.02512562814070352e+00 -1.04700125793114111e+02 5.17277568368660638e+01
1.04522613065326642e+00 -1.41526346890866819e+02 3.99346455923217789e+01
1.06532663316582910e+00 -1.85488492789178906e+02 -4.90684592305821141e+01
1.08542713567839200e+00 -1.62600960609813313e+02 -2.87234899162313411e+02
1.10552763819095468e+00 -5.45006126308891012e+01 -3.66771794921256060e+02
1.12562814070351758e+00 2.80496116892381941e+01 -3.09976678410488432e+02
1.14572864321608048e+00 7.97330344013164023e+01 -2.50211347937180307e+02
1.16582914572864316e+00 1.11003799127092151e+02 -1.98385609832335831e+02
1.18592964824120606e+00 1.28999812974957848e+02 -1.57394649916946804e+02
1.20603015075376874e+00 1.41353832437930038e+02 -1.16211562137674193e+02
1.22613065326633164e+00 1.40075775569459665e+02 -9.45555434684170280e+01
1.24623115577889454e+00 1.45723536905293798e+02 -5.73410389404860652e+01
1.26633165829145722e+00 1.33073898975640304e+02 -4.51386539088791920e+01
1.28643216080402012e+00 1.32829124439690673e+02 -2.17755246441874704e+01
1.30653266331658302e+00 1.15260801122203461e+02 -6.16883461971613567e+00
1.32663316582914570e+00 1.03644370964154376e+02 1.18178373833002883e+01
1.34673366834170860e+00 8.10538632171642490e+01 -2.54231158541210034e+00
1.36683417085427128e+00 6.97585090345938283e+01 -1.61265384749993146e+01
1.38693467336683418e+00 6.82538150480429522e+01 -1.00983468262659841e+02
1.40703517587939708e+00 1.16175576535402882e+02 -1.26616102881423899e+02
1.42713567839195976e+00 1.32997490642290160e+02 -7.88561262925411199e+01
1.44723618090452266e+00 1.49176646570376818e+02 -6.41382112506881867e+01
1.46733668341708534e+00 1.54048633088244799e+02 -5.35827513432198117e+01
1.48743718592964824e+00 1.68758052089037363e+02 -4.73342606956376315e+01
1.50753768844221114e+00 1.75610294432900957e+02 -3.46202222299746367e+01
1.52763819095477382e+00 1.94769296938335344e+02 -2.72708400402992233e+01
1.54773869346733672e+00 1.98186517839732346e+02 2.88199016642922530e+01
1.56783919597989940e+00 1.94725401361382069e+02 3.83299825304819279e+01
1.58793969849246230e+00 1.93953772060751646e+02 7.17372775509642082e+01
1.60804020100502520e+00 1.82732882453590435e+02 8.57541030124910293e+01
1.62814070351758788e+00 1.79694633164868435e+02 1.05319269197683610e+02
1.64824120603015079e+00 1.64982046195574497e+02 1.50440298713577164e+02
1.66834170854271346e+00 1.35543101401840886e+02 1.61941876116514521e+02
1.68844221105527637e+00 1.19709421919278711e+02 1.42774838786181220e+02
1.70854271356783927e+00 1.07512376478531095e+02 1.50486032116562370e+02
1.72864321608040195e+00 9.84357269442811571e+01 1.32815339409437598e+02
1.74874371859296485e+00 9.53760912078414549e+01 1.54909076384232520e+02
1.76884422110552775e+00 7.69960201524290113e+01 1.67609724339312095e+02
1.78894472361809043e+00 6.47570025229543944e+01 1.81944265137077906e+02
1.80904522613065333e+00 3.25095777859096700e+01 2.07988451764795684e+02
1.82914572864321601e+00 2.13431682405335765e+00 1.73038118134347940e+02
1.84924623115577891e+00 -1.05727323808101961e+01 1.42795828900524810e+02
1.86934673366834181e+00 -2.29149900610234347e+01 1.37610685368452323e+02
1.88944723618090449e+00 -4.08226420740881011e+01 1.16566871788230316e+02
1.90954773869346739e+00 -4.57923233043554987e+01 5.13041565729673579e+01
1.92964824120603007e+00 -2.84362092389780727e+01 3.58651634046654522e+01
1.94974874371859297e+00 -2.71071868073484801e+01 2.74920253601787969e+01
1.96984924623115587e+00 -1.65133073720508854e+01 -1.01197815408921397e+01
1.98994974874371855e+00 6.21003005285847642e+00 -2.87061221687621284e+01
2.01005025125628123e+00 2.63923520710557007e+01 -2.75655741237560896e+01
2.03015075376884413e+00 4.06780311244206629e+01 -3.05884642448913588e+01
2.05025125628140703e+00 6.29376770014020437e+01 -3.80331882695370496e+01
2.07035175879396993e+00 8.47534566010245243e+01 -5.07438994366666947e+01
2.09045226130653283e+00 1.19870579548622487e+02 -4.41373980453796975e+01
2.11055276381909529e+00 1.50711548501647883e+02 -2.21437192638553348e+01
2.13065326633165819e+00 1.76201923674829487e+02 6.35636974387030094e+01
2.15075376884422109e+00 1.55100475787187747e+02 1.66486183822769107e+02
2.17085427135678399e+00 1.11871976469481481e+02 1.93431649892374224e+02
2.19095477386934689e+00 7.90407322689026444e+01 1.72796603777872321e+02
2.21105527638190935e+00 6.06689411760566770e+01 1.49295786302112191e+02
2.23115577889447225e+00 5.07329732946964143e+01 1.32905733876300047e+02
2.25125628140703515e+00 4.63601727673272919e+01 1.24534501546347116e+02
2.27135678391959805e+00 4.11230440307639711e+01 1.15466479505763814e+02
2.29145728643216096e+00 4.14815254826888946e+01 1.03878744803825242e+02
2.31155778894472341e+00 4.42527471527171627e+01 9.96425561017882160e+01
2.33165829145728631e+00 4.62677544785267969e+01 9.39476359982488134e+01
2.35175879396984921e+00 5.44276795077597626e+01 7.90116623706765324e+01
2.37185929648241212e+00 6.85348098179846943e+01 7.96412601065025996e+01
2.39195979899497502e+00 8.05808489885263413e+01 8.61292414589243975e+01
2.41206030150753747e+00 9.28492443785556532e+01 9.40287025292940939e+01
2.43216080402010038e+00 1.08130083652930665e+02 9.33089178351566062e+01
2.45226130653266328e+00 1.29233100377318152e+02 1.17370500946521858e+02
2.47236180904522618e+00 1.45569612125910282e+02 1.58170809646121114e+02
2.49246231155778908e+00 1.47054228525190013e+02 2.48319877825886863e+02
2.51256281407035198e+00 1.17087742286591492e+02 3.47082960936359598e+02
2.53266331658291444e+00 5.22270396800253067e+01 4.03181096756862530e+02
2.55276381909547734e+00 -6.88068894142955756e+00 3.86993423846235146e+02
2.57286432160804024e+00 -5.18998830878867494e+01 3.56246042651273399e+02
2.59296482412060314e+00 -8.33479748085768790e+01 3.22366148922029197e+02
2.61306532663316604e+00 -1.05769071171330125e+02 2.99505840811330302e+02
2.63316582914572850e+00 -1.25315977865385292e+02 2.76401015470760342e+02
2.65326633165829140e+00 -1.35624417886146233e+02 2.53276318405345705e+02
2.67336683417085430e+00 -1.47657698913798072e+02 2.42806804067212113e+02
2.69346733668341720e+00 -1.57028570967182304e+02 2.22142374753198794e+02
2.71356783919598010e+00 -1.61198173122508450e+02 2.02038212101367634e+02
2.73366834170854256e+00 -1.61696898761636049e+02 1.70510671103990632e+02
2.75376884422110546e+00 -1.64040226374023860e+02 2.78994910586645460e+02
2.77386934673366836e+00 -2.44762202743532441e+02 3.56811384102477177e+02
2.79396984924623126e+00 -3.19555443589410288e+02 3.14171658477766982e+02
2.81407035175879416e+00 -3.78131961891476692e+02 1.85327031420198864e+02
2.83417085427135662e+00 -3.58795370728037938e+02 -2.20994321010108692e+01
2.85427135678391952e+00 -3.08038789784482560e+02 -5.43125801063593698e+01
2.87437185929648242e+00 -2.99649290731255462e+02 -8.46505651323098078e+01
2.89447236180904532e+00 -2.48269471319088069e+02 -2.07158862019360924e+02
2.91457286432160823e+00 -2.00181465915873986e+02 -1.66578398767018285e+02
2.93467336683417068e+00 -1.58732837791277547e+02 -1.49904846916344923e+02
2.95477386934673358e+00 -1.26347571706173184e+02 -1.88024558488023303e+02
2.97487437185929648e+00 -6.53959492449447879e+01 -1.21252226495297151e+02
2.99497487437185939e+00 -6.97644272637538307e+01 -3.27771087985883867e+01
3.01507537688442229e+00 -9.07455365372713487e+01 -4.32755545532574146e+01
3.03517587939698474e+00 -7.57300334445910153e+01 -7.98744941113642568e+01
3.05527638190954764e+00 -7.64444999547494035e+01 -3.01873942070045764e+01
3.07537688442211055e+00 -8.41305631369809390e+01 -3.91512704455204457e+01
3.09547738693467345e+00 -7.49214381803271436e+01 -6.76832578793841009e+01
3.11557788944723635e+00 -5.60428646263967707e+01 -3.86721495364931442e+01
3.13567839195979881e+00 -6.34179047615403135e+01 1.74724581324500239e+00
3.15577889447236171e+00 -6.97429586308788174e+01 -6.69357223210839347e+00
3.17587939698492461e+00 -6.87382023248956955e+01 -2.99342480399422008e+01
3.19597989949748751e+00 -5.49575154582416658e+01 -1.53987015585433404e+01
3.21608040201005041e+00 -6.65020359829508863e+01 2.52115131763026596e+01
3.23618090452261287e+00 -8.44832055201363801e+01 2.29141500313974156e+01
3.25628140703517577e+00 -9.26064423018105458e+01 -3.19341358088063991e+01
3.27638190954773867e+00 -6.25386516049978738e+01 -5.61619364733808553e+01
3.29648241206030157e+00 -6.38354610460443865e+01 5.31767050229350224e-01
3.31658291457286447e+00 -6.85041289434858811e+01 -3.06455092215344465e+01
3.33668341708542693e+00 -5.87972750179077082e+01 -3.09428059589754234e+01
3.35678391959798983e+00 -6.00761365259448965e+01 -3.54890370781541549e+01
3.37688442211055273e+00 -4.42573058025673660e+01 -5.59097992189121911e+01
3.39698492462311563e+00 -2.86601504003909184e+01 -2.22789727550940242e+01
3.41708542713567853e+00 -4.51304266975371320e+01 2.68460852338530671e+01
3.43718592964824099e+00 -6.07649134344999453e+01 9.29166382501907506e+00
3.45728643216080389e+00 -6.71317994803759461e+01 -9.16207140210190296e+00
3.47738693467336679e+00 -6.60885377210911571e+01 -8.13319829203783939e+00
3.49748743718592969e+00 -6.56669231153992001e+01 -3.89653599059499767e+00
3.51758793969849259e+00 -7.05532589182412977e+01 -2.99101531094879647e+00
3.53768844221105550e+00 -7.38281738697572507e+01 -1.08844512663821167e+01
3.55778894472361795e+00 -7.46719366406698981e+01 -3.62296753475933926e+01
3.57788944723618085e+00 -6.52165060303788380e+01 -4.74674319960635529e+01
3.59798994974874375e+00 -5.65404566917859697e+01 -4.49084993066779177e+01
3.61809045226130666e+00 -5.07614144911950902e+01 -3.58877095748640471e+01
3.63819095477386956e+00 -5.00311289545011277e+01 -2.25122326404120017e+01
3.65829145728643201e+00 -5.43239352023967683e+01 -1.80182017655167179e+01
3.67839195979899491e+00 -5.53151176386415102e+01 -2.32470653703931269e+01
3.69849246231155782e+00 -5.68363525329580952e+01 -1.87567148611279997e+01
3.71859296482412072e+00 -5.96445418757885903e+01 -2.51338089219709708e+01
3.73869346733668362e+00 -5.82434253513825269e+01 -3.18721846675368852e+01
3.75879396984924607e+00 -5.64994815309765173e+01 -3.39940656677340414e+01
3.77889447236180898e+00 -5.46329169049235261e+01 -3.50148640266597511e+01
3.79899497487437188e+00 -5.35115133088949335e+01 -3.47388054096244332e+01
3.81909547738693478e+00 -5.22836914389818759e+01 -3.45695443481362332e+01
3.83919597989949768e+00 -5.24086219410502281e+01 -3.10052910143504405e+01
3.85929648241206014e+00 -5.44162540489515933e+01 -3.16323133394456733e+01
3.87939698492462304e+00 -5.62330845583189785e+01 -3.82840029589178670e+01
3.89949748743718594e+00 -5.64219465528964861e+01 -4.93309168214369862e+01
3.91959798994974884e+00 -5.31556050861080962e+01 -5.98463804113954652e+01
3.93969849246231174e+00 -4.84064501341536442e+01 -6.36471994701447201e+01
3.95979899497487420e+00 -4.47014070496814213e+01 -6.14877435802240200e+01
3.97989949748743710e+00 -4.26062271420662668e+01 -5.85168339362211540e+01
4.00000000000000000e+00 -4.12544465913142204e+01 -5.69903100063308017e+01
