# SHG sigma units=A/V^2 component=xxx
# full-BZ normalized susceptibility/conductivity
# energy_eV total_re total_im
0.00000000000000000e+00 -3.35817475178275606e-14 1.79274211208634457e-12
2.01005025125628144e-02 -3.01867087220497963e-14 3.45744690044405523e-13
4.02010050251256287e-02 -2.98843915038986541e-14 5.01758761223643116e-13
6.03015075376884396e-02 -2.95978498284877650e-14 6.61015934672715672e-13
8.04020100502512575e-02 -2.93233380362487519e-14 8.21844660139311477e-13
1.00502512562814075e-01 -2.90605980297530985e-14 9.84389555882036253e-13
1.20603015075376879e-01 -2.88097472918461354e-14 1.14899579304497943e-12
1.40703517587939697e-01 -2.85709875797629636e-14 1.31606183352671628e-12
1.60804020100502515e-01 -2.83445526097829258e-14 1.48601433702709394e-12
1.80904522613065333e-01 -2.81306894185352128e-14 1.65930433343102414e-12
2.01005025125628151e-01 -2.79296564988438922e-14 1.83640894253400193e-12
2.21105527638190968e-01 -2.77417195265388207e-14 2.01783515617764678e-12
2.41206030150753759e-01 -2.75671515873114764e-14 2.20412476239081340e-12
2.61306532663316604e-01 -2.74062294502330632e-14 2.39586018846356803e-12
2.81407035175879394e-01 -2.72592343235540466e-14 2.59367127702054589e-12
3.01507537688442184e-01 -2.71264486381235735e-14 2.79824311648110899e-12
3.21608040201005030e-01 -2.70081521775688613e-14 3.01032511170800785e-12
3.41708542713567820e-01 -2.69046222503807580e-14 3.23074154605897482e-12
3.61809045226130666e-01 -2.68161243632712137e-14 3.46040394435213592e-12
3.81909547738693456e-01 -2.67429116520282965e-14 3.70032562984450659e-12
4.02010050251256301e-01 -2.66852132434792598e-14 3.95163896706343722e-12
4.22110552763819091e-01 -2.66432277437042006e-14 4.21561590071564232e-12
4.42211055276381937e-01 -2.66171086873486537e-14 4.49369257127057894e-12
4.62311557788944727e-01 -2.66069517098028174e-14 4.78749899204158484e-12
4.82412060301507517e-01 -2.66127727128770332e-14 5.09889505712816106e-12
5.02512562814070307e-01 -2.66344835528466912e-14 5.43001451079144712e-12
5.22613065326633208e-01 -2.66718582146604859e-14 5.78331901356562136e-12
5.42713567839195998e-01 -2.67244919220755035e-14 6.16166511097700453e-12
5.62814070351758788e-01 -2.67917419535427923e-14 6.56838784070099430e-12
5.82914572864321578e-01 -2.68726570481853766e-14 7.00740601136755909e-12
6.03015075376884369e-01 -2.69658775502977066e-14 7.48335603001202209e-12
6.23115577889447270e-01 -2.70695054383483674e-14 8.00176380831189389e-12
6.43216080402010060e-01 -2.71809242775047556e-14 8.56926821143667354e-12
6.63316582914572850e-01 -2.72965532431335038e-14 9.19391542948929846e-12
6.83417085427135640e-01 -2.74115036129116879e-14 9.88555284328364971e-12
7.03517587939698541e-01 -2.75190837485053089e-14 1.06563656461899811e-11
7.23618090452261331e-01 -2.76100858672827943e-14 1.15216237960773622e-11
7.43718592964824121e-01 -2.76717083740948102e-14 1.25007487095246242e-11
7.63819095477386911e-01 -2.76859021948355415e-14 1.36188843405871074e-11
7.83919597989949701e-01 -2.76267228737418541e-14 1.49092992263074481e-11
8.04020100502512602e-01 -2.74559236384965597e-14 1.64172282344609995e-11
8.24120603015075393e-01 -2.71152484200853982e-14 1.82063542692333272e-11
8.44221105527638183e-01 -2.65122117299449310e-14 2.03704295438701755e-11
8.64321608040200973e-01 -2.54928150741837712e-14 2.30554252727566140e-11
8.84422110552763874e-01 -2.43409667970252495e-14 2.65030271224308101e-11
9.04522613065326664e-01 -1.37723284640210892e-13 3.11201660109784223e-11
9.24623115577889454e-01 -4.25327405839016043e-12 3.72783131105404248e-11
9.44723618090452244e-01 -3.23985204729179014e-11 4.05288291740404331e-11
9.64824120603015034e-01 -6.92592139309659751e-11 2.34658091881427101e-11
9.84924623115577935e-01 -4.30640276074367120e-11 -2.29250148226283220e-12
1.00502512562814061e+00 4.70104784342492833e-11 -5.54033250073602990e-13
1.02512562814070352e+00 1.43270210060235026e-10 4.75353136973848530e-11
1.04522613065326642e+00 1.91337921861863899e-10 1.36914500651528947e-10
1.06532663316582910e+00 1.36259028241020925e-10 2.47742911298790506e-10
1.08542713567839200e+00 -8.93263833478310141e-11 3.25724809339418899e-10
1.10552763819095468e+00 -3.79443600559524244e-10 3.09935964067033774e-10
1.12562814070351758e+00 -6.53305080542583327e-10 2.06256211827235139e-10
1.14572864321608048e+00 -8.65777494694758660e-10 1.51083371817318808e-11
1.16582914572864316e+00 -9.68560825341080758e-10 -2.29095504130490151e-10
1.18592964824120606e+00 -9.19217155256533936e-10 -4.96255851372460369e-10
1.20603015075376874e+00 -7.16772875390400384e-10 -7.43014520597693595e-10
1.22613065326633164e+00 -4.03158796665405782e-10 -9.20701820286927837e-10
1.24623115577889454e+00 1.45460617279860393e-11 -1.01449907954412422e-09
1.26633165829145722e+00 4.14454463844094077e-10 -9.94669340001428123e-10
1.28643216080402012e+00 7.40879871784590752e-10 -8.88801126432642512e-10
1.30653266331658302e+00 9.59180389116185920e-10 -7.43825524042872958e-10
1.32663316582914570e+00 1.03349520263401616e-09 -5.88303328603753632e-10
1.34673366834170860e+00 1.01912941161105587e-09 -5.14339999207860210e-10
1.36683417085427128e+00 5.10015010713936965e-10 -5.64259081051509110e-10
1.38693467336683418e+00 1.96968834400668349e-09 -1.12565734762686659e-09
1.40703517587939708e+00 5.92174139304860274e-09 2.45155286061740492e-10
1.42713567839195976e+00 4.84974104013939475e-09 2.53295675650839035e-09
1.44723618090452266e+00 1.20603544964943414e-09 3.29913208476099241e-09
1.46733668341708534e+00 -1.08872102536295264e-09 3.04315755455975176e-09
1.48743718592964824e+00 -1.95314721501802481e-09 2.12497404678969550e-09
1.50753768844221114e+00 -9.16677002150539475e-10 1.51359494963608506e-09
1.52763819095477382e+00 -2.13353553185031250e-10 1.75758300844620079e-09
1.54773869346733672e+00 -7.22353582700064464e-10 2.13110209028276530e-09
1.56783919597989940e+00 -2.39565283164844904e-09 2.01244777021385535e-09
1.58793969849246230e+00 -3.90522589463656267e-09 1.33157721527402112e-09
1.60804020100502520e+00 -4.04617525122369700e-09 1.91541578043512426e-10
1.62814070351758788e+00 -2.49390989828233763e-09 -6.06653557341600543e-10
1.64824120603015079e+00 -2.01310192078552450e-09 -3.59155703195007401e-10
1.66834170854271346e+00 -3.10293094394505286e-09 -8.57285148449402222e-10
1.68844221105527637e+00 -3.07301129616568897e-09 -1.71626419252713839e-09
1.70854271356783927e+00 -1.75768731380605938e-09 -2.21146679880401577e-09
1.72864321608040195e+00 -5.89228817277885252e-10 -2.38728359554501446e-09
1.74874371859296485e+00 4.18310826414036285e-10 -2.18953486897686192e-09
1.76884422110552775e+00 1.78326044986127482e-09 -1.77064462540966867e-09
1.78894472361809043e+00 2.52919012952301663e-09 -6.84907174793913632e-10
1.80904522613065333e+00 9.95001461340047344e-10 3.22871717570254923e-10
1.82914572864321601e+00 -1.61103995178031337e-09 1.69064582383450641e-10
1.84924623115577891e+00 -2.51151300602854470e-09 -1.01980204041767340e-09
1.86934673366834181e+00 2.03631613831603178e-10 -1.43185030475091977e-09
1.88944723618090449e+00 -3.76798458229476868e-10 -1.09904734559221738e-09
1.90954773869346739e+00 -1.34959961489975586e-09 -1.41183468090235172e-09
1.92964824120603007e+00 -1.73242039343170392e-09 -2.52297221063648875e-09
1.94974874371859297e+00 -1.41932014969031316e-10 -3.22979247973320712e-09
1.96984924623115587e+00 4.04865416970776933e-09 -3.38244337458201819e-09
1.98994974874371855e+00 6.31926522981759911e-09 -1.10354636250618013e-09
2.01005025125628123e+00 4.53193956872286200e-09 4.36994845538783556e-10
2.03015075376884413e+00 2.53061707635225583e-09 1.15724333378426546e-09
2.05025125628140703e+00 1.78937468402804921e-09 1.17588754026989907e-09
2.07035175879396993e+00 9.61842064881606938e-10 1.26684982426606246e-09
2.09045226130653283e+00 3.65516666090025087e-10 8.74530565940664222e-10
2.11055276381909529e+00 8.67026129740742757e-10 7.44717561235947708e-10
2.13065326633165819e+00 1.99740938815270469e-09 6.37175197471475220e-10
2.15075376884422109e+00 3.91511599147812848e-09 1.88183957525220164e-09
2.17085427135678399e+00 2.76082002609157772e-09 3.58382957902577088e-09
2.19095477386934689e+00 -2.54193784601691623e-09 3.85259048809744172e-09
2.21105527638190935e+00 -5.57867055394185879e-09 2.04934191256140107e-09
2.23115577889447225e+00 -4.42001686164616994e-09 -1.02067429426943611e-10
2.25125628140703515e+00 -2.54445303763093667e-09 -1.09697248331311630e-09
2.27135678391959805e+00 -1.46014161003620882e-09 -1.37538789413539606e-09
2.29145728643216096e+00 1.18552784932677432e-09 -1.77867779784875265e-09
2.31155778894472341e+00 4.77559347123893458e-09 -3.30034885819389132e-10
2.33165829145728631e+00 4.04298050095465306e-09 1.80489358235748272e-09
2.35175879396984921e+00 -5.93631538662293317e-10 1.90569809578572774e-09
2.37185929648241212e+00 2.51344867976989516e-10 1.23927087817431891e-09
2.39195979899497502e+00 -3.50344552933902518e-10 1.67491536657636448e-09
2.41206030150753747e+00 -1.72922019387685839e-09 1.48872132994012095e-09
2.43216080402010038e+00 -2.23367118401310860e-09 1.53574927072396507e-09
2.45226130653266328e+00 -3.41470083682118277e-09 9.08619437349342326e-10
2.47236180904522618e+00 -2.96409139610151502e-09 -2.50037639603687743e-11
2.49246231155778908e+00 -4.14617557122208466e-09 -7.08975513035690419e-10
2.51256281407035198e+00 -3.12349038686170014e-09 -2.36683714000381387e-09
2.53266331658291444e+00 -5.23136772470863013e-11 -2.66309734357560749e-09
2.55276381909547734e+00 1.20514287010038230e-09 -1.98678387228811776e-09
2.57286432160804024e+00 2.35007881374927894e-10 -1.16678933922718771e-09
2.59296482412060314e+00 -9.53919020116702289e-10 -1.11423169307168172e-09
2.61306532663316604e+00 -1.40228335839975305e-09 -1.52499238498484491e-09
2.63316582914572850e+00 -4.52982927876460065e-10 -1.76576622745743948e-09
2.65326633165829140e+00 -1.30114241188617228e-09 -2.19965134955022588e-09
2.67336683417085430e+00 -2.13825772063747981e-10 -2.79986714467678183e-09
2.69346733668341720e+00 -1.80656847982715870e-09 -3.05575735315889459e-09
2.71356783919598010e+00 6.14775650161794465e-11 -4.07184313590096252e-09
2.73366834170854256e+00 2.05559859769234718e-08 -1.43374016156045383e-09
2.75376884422110546e+00 6.63556690798069140e-09 1.12766345257371755e-08
2.77386934673366836e+00 -1.68263786544138924e-08 9.67267025857939937e-10
2.79396984924623126e+00 2.57038198500130738e-09 -3.88514777219145473e-09
2.81407035175879416e+00 9.07694905542502794e-09 -2.21011895763901409e-09
2.83417085427135662e+00 6.04744377147154934e-09 -6.43335096827214434e-11
2.85427135678391952e+00 4.01213596640436313e-09 4.67572309511924480e-10
2.87437185929648242e+00 4.06223278769991694e-09 2.54071704877757779e-09
2.89447236180904532e+00 8.85926111896048925e-10 3.58029379018084978e-09
2.91457286432160823e+00 -8.57154802432319460e-11 4.37075151828633631e-09
2.93467336683417068e+00 4.34639482929925904e-09 6.12335056496259602e-09
2.95477386934673358e+00 1.84114560316339989e-08 1.23526541572658218e-08
2.97487437185929648e+00 2.05156372281278466e-08 2.39514675753289419e-08
2.99497487437185939e+00 -4.57372915296495609e-08 2.25317382130924812e-08
3.01507537688442229e+00 -5.26310202803880653e-08 -1.83841356671137635e-08
3.03517587939698474e+00 2.33256649674333159e-08 -1.93038792088920293e-08
3.05527638190954764e+00 2.36558156916158356e-08 -6.92134514712045979e-09
3.07537688442211055e+00 2.07154592894941276e-08 1.76095362277222572e-09
3.09547738693467345e+00 -3.82726057480009631e-08 2.62851151899402244e-09
3.11557788944723635e+00 -1.94742792967940149e-07 -5.09705217901540527e-08
3.13567839195979881e+00 4.90249098558112242e-08 -1.38254233368945992e-07
3.15577889447236171e+00 2.69414436608972511e-07 2.24837360977251077e-09
3.17587939698492461e+00 -6.46229731560476130e-09 7.41712796177473381e-08
3.19597989949748751e+00 -7.37272643971237877e-08 4.22067050812226087e-08
3.21608040201005041e+00 -3.15369316300108251e-08 1.69499858045453426e-08
3.23618090452261287e+00 1.34457133807651603e-08 1.17663086079065083e-08
3.25628140703517577e+00 4.29885127168924795e-09 1.90783370077117837e-08
3.27638190954773867e+00 -1.07141942007825376e-08 1.63236327988746206e-08
3.29648241206030157e+00 -4.28163710209338570e-09 1.37103903293993906e-08
3.31658291457286447e+00 2.65666766794477747e-08 1.92459240948630725e-08
3.33668341708542693e+00 4.50677551936721792e-08 3.88871555049226223e-08
3.35678391959798983e+00 -7.18323613654733194e-08 4.68398860622042050e-08
3.37688442211055273e+00 -6.51867966422266021e-08 -2.07685934592343292e-08
3.39698492462311563e+00 2.67395384608371174e-08 -2.40333951550211421e-08
3.41708542713567853e+00 5.09561250404727297e-08 8.60011221436581389e-10
3.43718592964824099e+00 -7.56121444168986138e-08 -3.61646887160229491e-09
3.45728643216080389e+00 -2.21159789075073589e-09 -4.23024494508673906e-08
3.47738693467336679e+00 4.70126242589128569e-08 -1.44477159349069591e-08
3.49748743718592969e+00 6.19709101107183572e-09 -3.07786292909382693e-09
3.51758793969849259e+00 -4.11399665677677336e-09 -1.78678187196661939e-09
3.53768844221105550e+00 -7.09581291520328624e-09 -2.57587852595257617e-09
3.55778894472361795e+00 -4.56636024727810844e-09 -5.64742054641978787e-09
3.57788944723618085e+00 1.48411210738786107e-09 -5.33137704366357166e-09
3.59798994974874375e+00 3.14733127995556473e-09 -3.90879640269780663e-09
3.61809045226130666e+00 1.69132582911455384e-09 -2.39326034240450561e-09
3.63819095477386956e+00 2.59516405357655899e-09 -2.04716642996025986e-09
3.65829145728643201e+00 4.07965961041216722e-09 -6.25589902074441050e-10
3.67839195979899491e+00 -2.23781750615425195e-09 -8.88861260410173557e-11
3.69849246231155782e+00 -1.04821400862178340e-10 -3.29826313279382592e-09
3.71859296482412072e+00 3.20054991617688756e-09 -2.03314908816326906e-09
3.73869346733668362e+00 1.12644246674522971e-09 -1.56645823857247962e-09
3.75879396984924607e+00 2.91623305719023243e-09 -1.24133151175433655e-09
3.77889447236180898e+00 1.35823485719820145e-09 9.74205223306515218e-10
3.79899497487437188e+00 -1.01653899375054809e-09 1.79802406134927680e-10
3.81909547738693478e+00 1.32346806542567122e-09 6.48509992477836093e-10
3.83919597989949768e+00 9.50656835502433813e-10 1.06653523087065285e-09
3.85929648241206014e+00 1.43948523935971909e-10 1.18934812885726381e-09
3.87939698492462304e+00 1.36800139794591569e-11 8.72255572616490005e-10
3.89949748743718594e+00 4.71976515625515885e-10 8.40519018736810508e-10
3.91959798994974884e+00 2.30796176668446705e-10 1.06097498247466400e-09
3.93969849246231174e+00 -1.33735325070262163e-09 8.63488537438975507e-10
3.95979899497487420e+00 -1.42655583034666180e-09 3.07795893247961335e-10
3.97989949748743710e+00 -1.47722376045212906e-09 6.59360236775814240e-11
4.00000000000000000e+00 -1.57332800448431026e-09 -5.13585143463895891e-10
