# SHG sigma units=A/V^2 component=zyz
# full-BZ normalized susceptibility/conductivity
# energy_eV total_re total_im
0.00000000000000000e+00 -1.09352039101573178e-11 -2.58672831441947534e-11
2.01005025125628144e-02 -1.09421280404797800e-11 6.06955392050469125e-07
4.02010050251256287e-02 -1.09547073368679423e-11 1.21442401266163611e-06
6.03015075376884396e-02 -1.09729748446492629e-11 1.82287044687294717e-06
8.04020100502512575e-02 -1.09969797327755492e-11 2.43278790659323709e-06
1.00502512562814075e-01 -1.10267875169757607e-11 3.04467376548653177e-06
1.20603015075376879e-01 -1.10624805362634468e-11 3.65903098897797259e-06
1.40703517587939697e-01 -1.11041584668486744e-11 4.27636960190560146e-06
1.60804020100502515e-01 -1.11519389757105615e-11 4.89720820410512865e-06
1.80904522613065333e-01 -1.12059585276984037e-11 5.52207554483019250e-06
2.01005025125628151e-01 -1.12663732603696497e-11 6.15151216767734607e-06
2.21105527638190968e-01 -1.13333601301810181e-11 6.78607213861797456e-06
2.41206030150753759e-01 -1.14071181217298874e-11 7.42632487086014518e-06
2.61306532663316604e-01 -1.14878696605389614e-11 8.07285706159690774e-06
2.81407035175879394e-01 -1.15758622812605040e-11 8.72627475727311689e-06
3.01507537688442184e-01 -1.16713704245179076e-11 9.38720556585971415e-06
3.21608040201005030e-01 -1.17746976241768084e-11 1.00563010368052570e-05
3.41708542713567820e-01 -1.18861788180080708e-11 1.07342392318952776e-05
3.61809045226130666e-01 -1.20061831129361478e-11 1.14217275132565210e-05
3.81909547738693456e-01 -1.21351168629742599e-11 1.21195055782748040e-05
4.02010050251256301e-01 -1.22734271353366542e-11 1.28283487753514950e-05
4.22110552763819091e-01 -1.24216057262041952e-11 1.35490717393220856e-05
4.42211055276381937e-01 -1.25801936511284913e-11 1.42825323911491086e-05
4.62311557788944727e-01 -1.27497863411656002e-11 1.50296363533595851e-05
4.82412060301507517e-01 -1.29310395387358421e-11 1.57913418408477005e-05
5.02512562814070307e-01 -1.31246760357030962e-11 1.65686650963826360e-05
5.22613065326633208e-01 -1.33314935011301438e-11 1.73626864517928837e-05
5.42713567839195998e-01 -1.35523733991689188e-11 1.81745571097748155e-05
5.62814070351758788e-01 -1.37882913813800360e-11 1.90055067581365101e-05
5.82914572864321578e-01 -1.40403292828459400e-11 1.98568521487272439e-05
6.03015075376884369e-01 -1.43096892159987475e-11 2.07300067981949582e-05
6.23115577889447270e-01 -1.45977099226218513e-11 2.16264919981813476e-05
6.43216080402010060e-01 -1.49058860567958495e-11 2.25479493600576212e-05
6.63316582914572850e-01 -1.52358910588995023e-11 2.34961551657031182e-05
6.83417085427135640e-01 -1.55896040462924445e-11 2.44730368535927019e-05
7.03517587939698541e-01 -1.59691421551605617e-11 2.54806920418185109e-05
7.23618090452261331e-01 -1.63768990496502230e-11 2.65214105808991362e-05
7.43718592964824121e-01 -1.68155911783348902e-11 2.75977002449971226e-05
7.63819095477386911e-01 -1.72883133988163415e-11 2.87123168180048469e-05
7.83919597989949701e-01 -1.77986053164498423e-11 2.98682995208143899e-05
8.04020100502512602e-01 -1.83505293114994182e-11 3.10690129708023397e-05
8.24120603015075393e-01 -1.89487584409433502e-11 3.23181971798369025e-05
8.44221105527638183e-01 -1.95986649339630121e-11 3.36200274997746471e-05
8.64321608040200973e-01 -2.03062890550617675e-11 3.49791869295256627e-05
8.84422110552763874e-01 -2.09960693477630284e-11 3.64009538638961644e-05
9.04522613065326664e-01 -1.10044023435860100e-11 3.78913102016596135e-05
9.24623115577889454e-01 2.09968782365117788e-10 3.94570948905194585e-05
9.44723618090452244e-01 9.85012489424036849e-10 4.11063757242123719e-05
9.64824120603015034e-01 1.49201976191992130e-09 4.28484289909619964e-05
9.84924623115577935e-01 1.61064582605638939e-09 4.46936024845289689e-05
1.00502512562814061e+00 1.76003383551665245e-09 4.66544674906530589e-05
1.02512562814070352e+00 2.02004353529174879e-09 4.87461504647716953e-05
1.04522613065326642e+00 2.16276068718092841e-09 5.09870076291987304e-05
1.06532663316582910e+00 -2.01711744223880727e-09 5.33992663945064854e-05
1.08542713567839200e+00 -1.64416198235116234e-08 5.60065072614477635e-05
1.10552763819095468e+00 -2.48516407370040763e-08 5.88419605906727344e-05
1.12562814070351758e+00 -2.58821205111730893e-08 6.19584695024001251e-05
1.14572864321608048e+00 -2.64164767179730146e-08 6.54217853735552076e-05
1.16582914572864316e+00 -5.51889031398688012e-08 6.93250887943399138e-05
1.18592964824120606e+00 -4.36325527418872579e-07 7.37598049965493150e-05
1.20603015075376874e+00 -1.66851141786231661e-06 7.85666773179940830e-05
1.22613065326633164e+00 -3.64719228294863048e-06 8.35319042240509243e-05
1.24623115577889454e+00 -5.34985307569374830e-06 8.86309583086299975e-05
1.26633165829145722e+00 -6.57992478912458025e-06 9.45047081612256117e-05
1.28643216080402012e+00 -8.11728751137060264e-06 1.01484936227076177e-04
1.30653266331658302e+00 -1.01583531529340202e-05 1.09830134554731354e-04
1.32663316582914570e+00 -1.25768111435957876e-05 1.20162567908471096e-04
1.34673366834170860e+00 -1.58627826369431357e-05 1.33679374880646645e-04
1.36683417085427128e+00 -3.28677182173656962e-05 1.51251042683033112e-04
1.38693467336683418e+00 -1.01307876371493005e-04 1.59656692687041153e-04
1.40703517587939708e+00 -1.54723267018248850e-04 1.35273883925681772e-04
1.42713567839195976e+00 -1.66085686861369979e-04 1.10303079649847459e-04
1.44723618090452266e+00 -1.73233601947239571e-04 8.25642997286815759e-05
1.46733668341708534e+00 -1.51431608577885156e-04 6.02352141263571230e-05
1.48743718592964824e+00 -1.30718410594966329e-04 4.96107927789048075e-05
1.50753768844221114e+00 -1.19452257250078303e-04 4.40638474189421282e-05
1.52763819095477382e+00 -1.13728751850372331e-04 4.00899652684789866e-05
1.54773869346733672e+00 -1.09920970362586647e-04 3.57014872059424558e-05
1.56783919597989940e+00 -1.05353452972230396e-04 3.00445438025522226e-05
1.58793969849246230e+00 -8.07253913183077242e-05 2.53092971277817643e-05
1.60804020100502520e+00 -4.27839586368188929e-05 3.83507393643316713e-05
1.62814070351758788e+00 -4.66600195030946862e-05 5.89491264168812094e-05
1.64824120603015079e+00 -6.85065627180413237e-05 7.03461762287341681e-05
1.66834170854271346e+00 -8.43551586199085775e-05 7.46368936249321852e-05
1.68844221105527637e+00 -9.80236126575386943e-05 7.49098913716342567e-05
1.70854271356783927e+00 -1.09259750684492031e-04 7.20991245705853080e-05
1.72864321608040195e+00 -1.09032716406399558e-04 6.82612887891404988e-05
1.74874371859296485e+00 -1.05658802818630162e-04 6.85209201765418302e-05
1.76884422110552775e+00 -1.11974201425845860e-04 7.15934496610939810e-05
1.78894472361809043e+00 -1.36038534908078363e-04 6.87458467770263255e-05
1.80904522613065333e+00 -1.38461620083613377e-04 5.56434681837912444e-05
1.82914572864321601e+00 -1.17686757039457040e-04 5.30799574261842029e-05
1.84924623115577891e+00 -1.17673417673870475e-04 5.83303545475229515e-05
1.86934673366834181e+00 -1.36430354396514922e-04 6.32393502149396718e-05
1.88944723618090449e+00 -1.64891030661225665e-04 6.15642059131125789e-05
1.90954773869346739e+00 -1.89491158032546731e-04 5.18305018570079399e-05
1.92964824120603007e+00 -2.02216334716649867e-04 3.85553802002985168e-05
1.94974874371859297e+00 -2.06265745837642099e-04 2.41115996924095174e-05
1.96984924623115587e+00 -2.06444093996027396e-04 7.86006673793965036e-06
1.98994974874371855e+00 -1.87426941504191319e-04 -6.96508452934111342e-06
2.01005025125628123e+00 -1.61602740511249002e-04 -1.09001409390457504e-05
2.03015075376884413e+00 -1.64756113158582201e-04 -8.47067620839054672e-06
2.05025125628140703e+00 -1.98198052844435901e-04 -2.06262984506456046e-05
2.07035175879396993e+00 -1.66712095064017895e-04 -5.11101787954898443e-05
2.09045226130653283e+00 -3.35891274256174140e-05 -3.06188372577917807e-05
2.11055276381909529e+00 -3.08657081303905851e-05 3.29896270269479608e-05
2.13065326633165819e+00 -1.25742799832303175e-04 6.44864588579953070e-05
2.15075376884422109e+00 -1.97966642828980986e-04 6.14689503826282827e-05
2.17085427135678399e+00 -1.78215375654664832e-04 4.41720809832551868e-05
2.19095477386934689e+00 -1.79972685733685334e-04 6.78681889847702918e-05
2.21105527638190935e+00 -3.09222429967851201e-04 3.64079734393229763e-05
2.23115577889447225e+00 -2.92902696488094461e-04 -2.35480582567642356e-05
2.25125628140703515e+00 -2.19137421226706997e-04 -4.63895958693079420e-05
2.27135678391959805e+00 -2.18307700159247605e-04 -5.22109374155974810e-05
2.29145728643216096e+00 -2.26137469185427252e-04 -6.26544514184684695e-05
2.31155778894472341e+00 -2.33210518572971753e-04 -7.08776282177914734e-05
2.33165829145728631e+00 -2.25586865284964426e-04 -9.21923269544282404e-05
2.35175879396984921e+00 -1.90462971987190110e-04 -1.00369128018430872e-04
2.37185929648241212e+00 -1.61556716326032598e-04 -9.67823403937063682e-05
2.39195979899497502e+00 -1.60306727405028253e-04 -9.34242804326033868e-05
2.41206030150753747e+00 -1.41119609767507092e-04 -9.17691531743726626e-05
2.43216080402010038e+00 -1.39311549125512268e-04 -8.46969494040380425e-05
2.45226130653266328e+00 -1.27350212597527452e-04 -8.28496239452357076e-05
2.47236180904522618e+00 -1.07733289405612193e-04 -7.25293124759644791e-05
2.49246231155778908e+00 -3.23017616721044378e-05 -4.52500530285883653e-05
2.51256281407035198e+00 -3.83092421303866181e-05 2.97702208824208383e-05
2.53266331658291444e+00 -1.42830163739216074e-04 6.91953454632967673e-05
2.55276381909547734e+00 -2.37548968915030615e-04 8.36087560369393418e-05
2.57286432160804024e+00 -3.75973101424389381e-04 5.95585121874696164e-05
2.59296482412060314e+00 -4.55081141732527003e-04 -2.01857120281945200e-05
2.61306532663316604e+00 -3.94749205988722456e-04 -8.00304703540040543e-05
2.63316582914572850e+00 -3.79481917593441586e-04 -1.11284831507447898e-04
2.65326633165829140e+00 -3.83809853256142103e-04 -1.38918610604634211e-04
2.67336683417085430e+00 -4.11953139996000040e-04 -1.69663290844644231e-04
2.69346733668341720e+00 -4.53406669521785508e-04 -2.09840671531771715e-04
2.71356783919598010e+00 -4.30769473727304680e-04 -2.49422300868736675e-04
2.73366834170854256e+00 -3.94043105879077974e-04 -2.58175848253858729e-04
2.75376884422110546e+00 -5.08737994048404454e-04 -2.39543115844330080e-04
2.77386934673366836e+00 -8.91213858734772710e-04 -3.22619114284029406e-04
2.79396984924623126e+00 -7.76123423879777940e-04 -5.76708653521473586e-04
2.81407035175879416e+00 -1.70042446554462295e-04 -6.12660804839182177e-04
2.83417085427135662e+00 -3.13000545439963938e-04 -5.39997158935274406e-04
2.85427135678391952e+00 -5.46309068128755706e-04 -8.64460792658104031e-04
2.87437185929648242e+00 5.64096099282281006e-04 -9.42047390887995151e-04
2.89447236180904532e+00 6.69877949803271010e-04 -7.56069851070089675e-04
2.91457286432160823e+00 5.78259063093598726e-04 -6.57620665768000987e-04
2.93467336683417068e+00 6.01304089390124847e-04 -5.82103476657276414e-04
2.95477386934673358e+00 6.01988181516601578e-04 -5.16147696248427730e-04
2.97487437185929648e+00 5.02643860433490074e-04 -4.55371188055187295e-04
2.99497487437185939e+00 4.07740512000628278e-04 -4.87885417923123864e-04
3.01507537688442229e+00 7.88226012337576109e-04 -4.58410173229064418e-04
3.03517587939698474e+00 1.16979209871549803e-03 -1.84135706130225159e-04
3.05527638190954764e+00 1.09475102020282328e-03 1.28542965630351962e-05
3.07537688442211055e+00 1.21925221226797803e-03 3.15678624799418538e-04
3.09547738693467345e+00 8.42128678507204453e-04 5.04733985479381415e-04
3.11557788944723635e+00 5.43168752949087208e-04 5.48956554175552744e-04
3.13567839195979881e+00 3.38101541960939553e-04 5.79219976974138049e-04
3.15577889447236171e+00 1.61121625680612428e-04 5.82732127061831627e-04
3.17587939698492461e+00 5.16042384740378964e-05 5.74875263586896749e-04
3.19597989949748751e+00 -5.14752518880950895e-05 5.72419324897614464e-04
3.21608040201005041e+00 -1.80614675517883386e-04 5.63279729005098121e-04
3.23618090452261287e+00 -3.54552437269307680e-04 5.32833537612163255e-04
3.25628140703517577e+00 -5.81010515191377158e-04 4.44462259365045569e-04
3.27638190954773867e+00 -6.97252759742753177e-04 2.84435143320529689e-04
3.29648241206030157e+00 -6.24793700394571014e-04 1.38244048065901831e-04
3.31658291457286447e+00 -5.25463632368139292e-04 5.53275606369156225e-05
3.33668341708542693e+00 -4.61494347586026974e-04 3.52896506423460813e-06
3.35678391959798983e+00 -4.23931259300512164e-04 -2.94057098609792295e-05
3.37688442211055273e+00 -4.29753926420731094e-04 -6.33733967894437679e-05
3.39698492462311563e+00 -4.10579644070888637e-04 -1.12704598056524114e-04
3.41708542713567853e+00 -3.67747977232930727e-04 -1.44093487316977926e-04
3.43718592964824099e+00 -3.62825835038068094e-04 -1.75521488626037136e-04
3.45728643216080389e+00 -3.26558459884261165e-04 -2.16457441292042382e-04
3.47738693467336679e+00 -2.52504408001862676e-04 -2.38856351253575208e-04
3.49748743718592969e+00 -2.02706407008675468e-04 -2.46642238748552979e-04
3.51758793969849259e+00 -1.60153269276809519e-04 -2.50323882928514421e-04
3.53768844221105550e+00 -1.22130288137739062e-04 -2.43628969200520044e-04
3.55778894472361795e+00 -1.12558271238085041e-04 -2.35239332023195194e-04
3.57788944723618085e+00 -1.00819837921952972e-04 -2.29880340063426570e-04
3.59798994974874375e+00 -9.46696466840952686e-05 -2.24018424092784662e-04
3.61809045226130666e+00 -9.02958121881808476e-05 -2.23218384139243245e-04
3.63819095477386956e+00 -6.99968919440719582e-05 -2.22750099135755398e-04
3.65829145728643201e+00 -5.97624323581698907e-05 -2.16540653749127163e-04
3.67839195979899491e+00 -6.01219895298873671e-05 -2.18303036876223253e-04
3.69849246231155782e+00 -4.16041984422777097e-05 -2.19842759069128205e-04
3.71859296482412072e+00 -2.52308158057076092e-05 -2.15039850646513039e-04
3.73869346733668362e+00 -1.89800383779817224e-05 -2.07955921417265875e-04
3.75879396984924607e+00 -2.15791042741698765e-05 -2.03681480479089529e-04
3.77889447236180898e+00 -2.56689049648246880e-05 -2.03680060002066874e-04
3.79899497487437188e+00 -1.96899870625315168e-05 -2.05801122887655920e-04
3.81909547738693478e+00 -1.18488277408345445e-05 -2.05218566527463599e-04
3.83919597989949768e+00 -5.90234166602014791e-06 -2.03978210155518995e-04
3.85929648241206014e+00 -1.40356854476251920e-06 -2.02423522061279999e-04
3.87939698492462304e+00 6.78390113752817985e-06 -2.01284644806352605e-04
3.89949748743718594e+00 1.38977615035694517e-05 -1.98875901300692685e-04
3.91959798994974884e+00 2.25206951864545597e-05 -1.96841438238554530e-04
3.93969849246231174e+00 2.91755730854827668e-05 -1.93331766563812978e-04
3.95979899497487420e+00 3.20850642481912757e-05 -1.90123095394016981e-04
3.97989949748743710e+00 3.14294570567165708e-05 -1.87326282845098473e-04
4.00000000000000000e+00 3.03949091986021115e-05 -1.87511103750758731e-04
