# SHG sigma units=A/V^2 component=zzz
# full-BZ normalized susceptibility/conductivity
# energy_eV total_re total_im
0.00000000000000000e+00 -9.69038913742267616e-14 2.65076098087981711e-21
2.01005025125628144e-02 -9.69134116463224599e-14 1.16696700910495405e-08
4.02010050251256287e-02 -9.69424386118050425e-14 2.33502224312525896e-08
6.03015075376884396e-02 -9.69923365463236456e-14 3.50525771813310171e-08
8.04020100502512575e-02 -9.70654011806394771e-14 4.67877306651309957e-08
1.00502512562814075e-01 -9.71648991432142968e-14 5.85667943074935912e-08
1.20603015075376879e-01 -9.72951190032990678e-14 7.04010346175212444e-08
1.40703517587939697e-01 -9.74614412592992182e-14 8.23019145960507426e-08
1.60804020100502515e-01 -9.76704277080211730e-14 9.42811369734848144e-08
1.80904522613065333e-01 -9.79299290843309465e-14 1.06350689719946341e-07
2.01005025125628151e-01 -9.82492219372628379e-14 1.18522894315365303e-07
2.21105527638190968e-01 -9.86391664219919228e-14 1.30810457324217062e-07
2.41206030150753759e-01 -9.91124031176079746e-14 1.43226525890340114e-07
2.61306532663316604e-01 -9.96835770759111800e-14 1.55784747854386858e-07
2.81407035175879394e-01 -1.00369617212444980e-13 1.68499337303622385e-07
3.01507537688442184e-01 -1.01190061803019713e-13 1.81385146495589693e-07
3.21608040201005030e-01 -1.02167442765973098e-13 1.94457745259681754e-07
3.41708542713567820e-01 -1.03327753804197277e-13 2.07733509181811696e-07
3.61809045226130666e-01 -1.04701003934071392e-13 2.21229718127407347e-07
3.81909547738693456e-01 -1.06321882445340302e-13 2.34964666970785062e-07
4.02010050251256301e-01 -1.08230565304024950e-13 2.48957790792738034e-07
4.22110552763819091e-01 -1.10473684663370176e-13 2.63229807307822728e-07
4.42211055276381937e-01 -1.13105513727606932e-13 2.77802879921962197e-07
4.62311557788944727e-01 -1.16189415788724608e-13 2.92700805646330796e-07
4.82412060301507517e-01 -1.19799628777730894e-13 3.07949233169852365e-07
5.02512562814070307e-01 -1.24023476869985332e-13 3.23575917812079923e-07
5.22613065326633208e-01 -1.28964136902877787e-13 3.39611021972664404e-07
5.42713567839195998e-01 -1.34744119349432172e-13 3.56087472254975389e-07
5.62814070351758788e-01 -1.41509697335525129e-13 3.73041387954603709e-07
5.82914572864321578e-01 -1.49436595951875066e-13 3.90512600497286349e-07
6.03015075376884369e-01 -1.58737375045551088e-13 4.08545290345210028e-07
6.23115577889447270e-01 -1.69671140754585537e-13 4.27188777901976705e-07
6.43216080402010060e-01 -1.82556490780483273e-13 4.46498519700550149e-07
6.63316582914572850e-01 -1.97789037997401901e-13 4.66537383402243695e-07
6.83417085427135640e-01 -2.15865551656429226e-13 4.87377309526327579e-07
7.03517587939698541e-01 -2.37417880353058992e-13 5.09101522514956051e-07
7.23618090452261331e-01 -2.63261696610264845e-13 5.31807543456172959e-07
7.43718592964824121e-01 -2.94468399322269822e-13 5.55611409226883081e-07
7.63819095477386911e-01 -3.32474378496990502e-13 5.80653772182658128e-07
7.83919597989949701e-01 -3.79252973178184709e-13 6.07109051768211860e-07
8.04020100502512602e-01 -4.37596305412502916e-13 6.35199772454381074e-07
8.24120603015075393e-01 -5.11599444757930727e-13 6.65220183435956263e-07
8.44221105527638183e-01 -6.07537847918501695e-13 6.97577427758262161e-07
8.64321608040200973e-01 -7.42550361957071653e-13 7.32867430649269196e-07
8.84422110552763874e-01 -7.18806068813182741e-12 7.72017404598717940e-07
9.04522613065326664e-01 -8.25873347906095466e-10 8.16480101265297560e-07
9.24623115577889454e-01 -1.74854783181931222e-08 8.67082221665257575e-07
9.44723618090452244e-01 -7.53809465368848136e-08 9.09283400177682259e-07
9.64824120603015034e-01 -1.13389247374600526e-07 9.31735424846208441e-07
9.84924623115577935e-01 -1.21584580462093979e-07 9.57733230459257245e-07
1.00502512562814061e+00 -1.26909413965716164e-07 9.90860378372019797e-07
1.02512562814070352e+00 -1.32367406825023723e-07 1.03115910106154494e-06
1.04522613065326642e+00 -1.39152612240509656e-07 1.08003896168922819e-06
1.06532663316582910e+00 -1.72784868307686749e-07 1.13769865594941193e-06
1.08542713567839200e+00 -2.66441147087797639e-07 1.17899724266307837e-06
1.10552763819095468e+00 -3.22286925628534630e-07 1.19169899754562540e-06
1.12562814070351758e+00 -3.34632321061350201e-07 1.21091450199417073e-06
1.14572864321608048e+00 -3.40779807480142161e-07 1.23950330566562324e-06
1.16582914572864316e+00 -3.48765797277158252e-07 1.27675068283717818e-06
1.18592964824120606e+00 -3.56588320473348626e-07 1.32525449861203186e-06
1.20603015075376874e+00 -3.68761402189568387e-07 1.37946508384899103e-06
1.22613065326633164e+00 -3.87100099328349206e-07 1.44600985892658012e-06
1.24623115577889454e+00 -4.02915774984543856e-07 1.51886453324659455e-06
1.26633165829145722e+00 -4.29140368181082887e-07 1.60785913288785409e-06
1.28643216080402012e+00 -4.39621756295182120e-07 1.71012481266717011e-06
1.30653266331658302e+00 -4.73471417783739438e-07 1.84917935935056322e-06
1.32663316582914570e+00 -5.23795266330005464e-07 2.01061124546554232e-06
1.34673366834170860e+00 -6.69146962110825127e-07 2.22383998951110762e-06
1.36683417085427128e+00 -1.05799571176362697e-06 2.41333458529699244e-06
1.38693467336683418e+00 -1.85237183777320879e-06 2.46265233480868040e-06
1.40703517587939708e+00 -2.43583211299890559e-06 2.22948211620125410e-06
1.42713567839195976e+00 -3.11555765551782395e-06 1.90653089394774794e-06
1.44723618090452266e+00 -3.26111844219138051e-06 1.29432660354303736e-06
1.46733668341708534e+00 -2.43772980035890953e-06 9.22605032716752721e-07
1.48743718592964824e+00 -2.19034870759533392e-06 9.59646380886644223e-07
1.50753768844221114e+00 -2.35279254257818342e-06 8.42638933028654993e-07
1.52763819095477382e+00 -2.17362932584558135e-06 7.07121734713800950e-07
1.54773869346733672e+00 -1.92944857966711197e-06 6.75427745567626086e-07
1.56783919597989940e+00 -1.78575671141409546e-06 7.00382361130756440e-07
1.58793969849246230e+00 -1.71828070465319519e-06 7.81402828187136402e-07
1.60804020100502520e+00 -1.87839097731537247e-06 8.06785580187195175e-07
1.62814070351758788e+00 -1.81858112794827804e-06 7.79910017974198066e-07
1.64824120603015079e+00 -1.76262865828355132e-06 8.26531319962181621e-07
1.66834170854271346e+00 -1.73025112252959308e-06 8.67320690424891660e-07
1.68844221105527637e+00 -1.78210386429016415e-06 9.46509583927322769e-07
1.70854271356783927e+00 -1.87775066113660874e-06 9.86083872191392934e-07
1.72864321608040195e+00 -2.07561825142353162e-06 1.00497618064003684e-06
1.74874371859296485e+00 -2.10201400927286854e-06 9.55544081356009773e-07
1.76884422110552775e+00 -2.12308487193520306e-06 9.66718974173087160e-07
1.78894472361809043e+00 -2.28766783231717055e-06 9.62351090827287678e-07
1.80904522613065333e+00 -2.32888751728180721e-06 8.72703032368036887e-07
1.82914572864321601e+00 -2.22514078753634288e-06 8.74750676660426068e-07
1.84924623115577891e+00 -2.33097801586978741e-06 9.06494529128739774e-07
1.86934673366834181e+00 -2.50492303948422647e-06 8.79094478880735499e-07
1.88944723618090449e+00 -2.54914074800046151e-06 8.73452379617199375e-07
1.90954773869346739e+00 -2.58582023166023052e-06 8.50524738366133065e-07
1.92964824120603007e+00 -2.57138116914868164e-06 9.18857412022627525e-07
1.94974874371859297e+00 -2.58274026133507702e-06 1.00309869994525978e-06
1.96984924623115587e+00 -2.59142265007390667e-06 1.14209870455103368e-06
1.98994974874371855e+00 -2.71754855533726298e-06 1.40419427120620415e-06
2.01005025125628123e+00 -3.75465601902344761e-06 1.55136205353864961e-06
2.03015075376884413e+00 -4.94835089566982284e-06 1.16294601827024478e-06
2.05025125628140703e+00 -5.09129103305860266e-06 5.91561643605165934e-07
2.07035175879396993e+00 -5.17574352000061723e-06 1.49935248778625003e-07
2.09045226130653283e+00 -5.20979318940407054e-06 -3.14148313697388125e-07
2.11055276381909529e+00 -4.39544108585703487e-06 -6.45254877998646756e-07
2.13065326633165819e+00 -4.33297822448445335e-06 -6.03826214827563106e-07
2.15075376884422109e+00 -4.92747413305418969e-06 -9.24623461378304170e-07
2.17085427135678399e+00 -4.70048419962690359e-06 -1.52054474166603119e-06
2.19095477386934689e+00 -2.63878432909369228e-06 -1.53679108803538026e-06
2.21105527638190935e+00 -3.51353469644559606e-06 -9.41378344231261069e-07
2.23115577889447225e+00 -3.67076576308892879e-06 -1.20600399284204546e-06
2.25125628140703515e+00 -3.29907078734781069e-06 -8.08336669009644408e-07
2.27135678391959805e+00 -3.79000396251158154e-06 -6.99282992276632966e-07
2.29145728643216096e+00 -5.07980996190430516e-06 -7.98363242255057308e-07
2.31155778894472341e+00 -5.17187973151528216e-06 -1.56770312298653391e-06
2.33165829145728631e+00 -4.10428574702898451e-06 -1.69974462741514948e-06
2.35175879396984921e+00 -4.21219226915990870e-06 -1.76999998737529325e-06
2.37185929648241212e+00 -4.25614322401040484e-06 -1.77342743620355815e-06
2.39195979899497502e+00 -4.62034893175118628e-06 -1.89842404965609457e-06
2.41206030150753747e+00 -4.94395587298697171e-06 -2.07012089800916160e-06
2.43216080402010038e+00 -5.28481408596779099e-06 -2.29228701450082111e-06
2.45226130653266328e+00 -5.88834029224657644e-06 -2.68585658224427946e-06
2.47236180904522618e+00 -6.02061635245522476e-06 -3.27274073526446283e-06
2.49246231155778908e+00 -6.02669634518624393e-06 -3.75202466740122558e-06
2.51256281407035198e+00 -5.28774216021664376e-06 -4.38649779114122113e-06
2.53266331658291444e+00 -4.28749907310408886e-06 -4.30988932712116462e-06
2.55276381909547734e+00 -4.81510543628199558e-06 -4.11295868336744924e-06
2.57286432160804024e+00 -7.33497590388239955e-06 -4.78450845858745088e-06
2.59296482412060314e+00 -6.73301816678247188e-06 -6.49842211880762504e-06
2.61306532663316604e+00 -4.23831205037750736e-06 -7.06486007221951019e-06
2.63316582914572850e+00 -2.88177489139460995e-06 -7.03138522886632446e-06
2.65326633165829140e+00 -1.91009449365515496e-06 -6.80751419636821272e-06
2.67336683417085430e+00 -1.90635779710452851e-06 -6.27158495751781218e-06
2.69346733668341720e+00 -5.64202122592146487e-06 -6.44625408041731692e-06
2.71356783919598010e+00 -7.36889083930766544e-06 -8.56492192973339265e-06
2.73366834170854256e+00 -5.33255215991718610e-06 -1.03473877142261124e-05
2.75376884422110546e+00 -4.51543152443601572e-06 -1.11004194750427227e-05
2.77386934673366836e+00 -3.30727754885097753e-06 -1.22802613318312133e-05
2.79396984924623126e+00 3.50906856368836927e-06 -1.21893977430843548e-05
2.81407035175879416e+00 6.23021602512485613e-06 -9.64936587461551510e-06
2.83417085427135662e+00 4.87916922227055012e-07 -9.67730969670668223e-06
2.85427135678391952e+00 2.24477807815884576e-06 -1.25529600476004824e-05
2.87437185929648242e+00 1.14339027249651043e-05 -1.24970576160333118e-05
2.89447236180904532e+00 1.38128678180343043e-05 -1.05343092169002991e-05
2.91457286432160823e+00 1.62032552444504913e-05 -7.02336831193995108e-06
2.93467336683417068e+00 1.02168565606814062e-05 -3.95613169290963238e-06
2.95477386934673358e+00 1.03056733925610106e-05 -3.66241888990626606e-06
2.97487437185929648e+00 7.93967216931639532e-06 -2.42784655048613503e-06
2.99497487437185939e+00 6.19461905158091354e-06 -5.21677920368897810e-06
3.01507537688442229e+00 1.51411726811353968e-05 -3.38085310759279976e-06
3.03517587939698474e+00 1.61048062013426234e-05 -3.04354445607973975e-06
3.05527638190954764e+00 2.32952238180751369e-05 2.09813568887389802e-06
3.07537688442211055e+00 1.53286665048795903e-05 7.28904652643758528e-06
3.09547738693467345e+00 6.99453679865995681e-06 7.34006082307012513e-06
3.11557788944723635e+00 4.82940483055873324e-06 6.05321851630418621e-06
3.13567839195979881e+00 3.86640194643205543e-06 5.17880850641853128e-06
3.15577889447236171e+00 4.03925672467454967e-06 4.57415479381837273e-06
3.17587939698492461e+00 3.89003347304658576e-06 4.62816475277123032e-06
3.19597989949748751e+00 3.57213795309116361e-06 4.83674736938017548e-06
3.21608040201005041e+00 1.69771544834702664e-06 4.99728656471282350e-06
3.23618090452261287e+00 1.45695368841122276e-06 4.54726312133578336e-06
3.25628140703517577e+00 9.91246091591723605e-07 4.50858240730580319e-06
3.27638190954773867e+00 9.18682740160601740e-07 4.26979347920980321e-06
3.29648241206030157e+00 1.55785314771509123e-07 4.18458567002192929e-06
3.31658291457286447e+00 -3.06192190129282659e-07 3.81017156715035666e-06
3.33668341708542693e+00 -8.55780994601753497e-07 3.48339584990179368e-06
3.35678391959798983e+00 -1.44293563633394028e-06 2.84537927426540707e-06
3.37688442211055273e+00 -5.32874965059488121e-07 2.20519255839109118e-06
3.39698492462311563e+00 -1.22520000860866730e-07 2.32034801199385450e-06
3.41708542713567853e+00 -1.69678248304211796e-07 2.17447396457453238e-06
3.43718592964824099e+00 3.16259669881290948e-07 2.12397920977368220e-06
3.45728643216080389e+00 7.17217827247671446e-07 2.36923053775570991e-06
3.47738693467336679e+00 4.13866783955860021e-07 2.56790195022926693e-06
3.49748743718592969e+00 -2.96529299453658956e-07 2.60352448035064073e-06
3.51758793969849259e+00 -5.30064811878636545e-07 2.37395026031797367e-06
3.53768844221105550e+00 -1.86168332310139648e-07 2.25840845390855582e-06
3.55778894472361795e+00 1.49636576373633409e-07 2.38461045362643478e-06
3.57788944723618085e+00 1.53130960208418449e-07 2.75229778711413177e-06
3.59798994974874375e+00 -1.25250855198522602e-06 2.74640144737644467e-06
3.61809045226130666e+00 -1.54699882955735325e-06 2.30818948331358372e-06
3.63819095477386956e+00 -1.59841401487364633e-06 1.92751484403560993e-06
3.65829145728643201e+00 -4.92324178960466507e-07 1.58410983015732333e-06
3.67839195979899491e+00 6.27104651043555209e-08 1.98075244477627988e-06
3.69849246231155782e+00 -7.81515381771932729e-08 2.23034845047102216e-06
3.71859296482412072e+00 -2.06347409154477967e-07 2.54209385019898891e-06
3.73869346733668362e+00 -8.52284073529737168e-07 2.78882290176399391e-06
3.75879396984924607e+00 -2.11584292685164313e-06 2.79939327009831319e-06
3.77889447236180898e+00 -3.42601848038436874e-06 2.19294602310189931e-06
3.79899497487437188e+00 -3.61564809984829825e-06 1.29929601554734172e-06
3.81909547738693478e+00 -3.26435484145125385e-06 6.31869323467059935e-07
3.83919597989949768e+00 -2.54757813667987636e-06 9.01458426546879128e-08
3.85929648241206014e+00 -2.25507904380808057e-06 -2.68553674620242039e-07
3.87939698492462304e+00 -1.24720117026726103e-06 -6.06309243033382192e-07
3.89949748743718594e+00 -8.37174884630860855e-08 -4.21835290715683798e-07
3.91959798994974884e+00 1.88283806494292672e-07 -2.04433506974240723e-07
3.93969849246231174e+00 9.11254575385594845e-07 1.12088670521177188e-07
3.95979899497487420e+00 1.20349748284966634e-06 7.04686504799333838e-07
3.97989949748743710e+00 7.60605461984172536e-07 1.09723082337781434e-06
4.00000000000000000e+00 9.47905677236901362e-07 1.33223336004199232e-06
