# SHG chi units=pm/V component=zyy
# full-BZ normalized susceptibility/conductivity
# energy_eV total_re total_im
0.00000000000000000e+00 -1.48487694016379346e-01 4.96402136050520752e-05
2.01005025125628144e-02 -1.53581979186620921e-01 3.00904007493447923e-01
4.02010050251256287e-02 -1.52322628982352520e-01 1.50815000761619800e-01
6.03015075376884396e-02 -1.52500977120820502e-01 1.00660237970091146e-01
8.04020100502512575e-02 -1.53058824457237702e-01 7.55859468237251031e-02
1.00502512562814075e-01 -1.53783908883122739e-01 6.05535349943890425e-02
1.20603015075376879e-01 -1.54605662290771079e-01 5.05441634330155917e-02
1.40703517587939697e-01 -1.55494046061976865e-01 4.34058169794169363e-02
1.60804020100502515e-01 -1.56434216284831618e-01 3.80622157686947571e-02
1.80904522613065333e-01 -1.57418068726101895e-01 3.39153489655023427e-02
2.01005025125628151e-01 -1.58440850811937400e-01 3.06063910969333747e-02
2.21105527638190968e-01 -1.59499615806134143e-01 2.79070002793178583e-02
2.41206030150753759e-01 -1.60592443429684262e-01 2.56649582520326082e-02
2.61306532663316604e-01 -1.61718012730439509e-01 2.37748962534450083e-02
2.81407035175879394e-01 -1.62875349288530841e-01 2.21615656067361763e-02
3.01507537688442184e-01 -1.64063663277801253e-01 2.07697995299596545e-02
3.21608040201005030e-01 -1.65282236103879238e-01 1.95582390728629638e-02
3.41708542713567820e-01 -1.66530332574764711e-01 1.84952733970732315e-02
3.61809045226130666e-01 -1.67807124983269995e-01 1.75563333489023761e-02
3.81909547738693456e-01 -1.69111620191907452e-01 1.67220397939456915e-02
4.02010050251256301e-01 -1.70442583077844462e-01 1.59769075837847760e-02
4.22110552763819091e-01 -1.71798450568426603e-01 1.53084199750825583e-02
4.42211055276381937e-01 -1.73177230454743952e-01 1.47063556585972557e-02
4.62311557788944727e-01 -1.74576378391232578e-01 1.41622915464357374e-02
4.82412060301507517e-01 -1.75992644985140501e-01 1.36692300858620233e-02
5.02512562814070307e-01 -1.77421882510222340e-01 1.32213162671080096e-02
5.22613065326633208e-01 -1.78858797272102354e-01 1.28136202152817780e-02
5.42713567839195998e-01 -1.80296628533007930e-01 1.24419684073129450e-02
5.62814070351758788e-01 -1.81726727426931078e-01 1.21028114081439039e-02
5.82914572864321578e-01 -1.83137998269419594e-01 1.17931193697740737e-02
6.03015075376884369e-01 -1.84516148180804140e-01 1.15102988834087996e-02
6.23115577889447270e-01 -1.85842665881082114e-01 1.12521264434789596e-02
6.43216080402010060e-01 -1.87093411689025102e-01 1.10166949849762330e-02
6.63316582914572850e-01 -1.88236639304850656e-01 1.08023708353351469e-02
6.83417085427135640e-01 -1.89230170349222876e-01 1.06077590750250292e-02
7.03517587939698541e-01 -1.90017276836183829e-01 1.04316757950107166e-02
7.23618090452261331e-01 -1.90520542486291133e-01 1.02731261219426648e-02
7.43718592964824121e-01 -1.90632469913890268e-01 1.01312871895396523e-02
7.63819095477386911e-01 -1.90200673789907321e-01 1.00054954978048664e-02
7.83919597989949701e-01 -1.89003722850751288e-01 9.89523835078486187e-03
8.04020100502512602e-01 -1.86710128696415012e-01 9.80014934013214919e-03
8.24120603015075393e-01 -1.82805488609866451e-01 9.72000821800780151e-03
8.44221105527638183e-01 -1.76456439703777612e-01 9.65474613211076034e-03
8.64321608040200973e-01 -1.66244756283191131e-01 9.60449314611031349e-03
8.84422110552763874e-01 -1.49649678822843080e-01 9.60035070310210487e-03
9.04522613065326664e-01 -1.22411864686287758e-01 1.35672320405903542e-02
9.24623115577889454e-01 -8.45779518771812983e-02 9.28182735723607905e-02
9.44723618090452244e-01 -1.10131308905444064e-01 3.51208820929877652e-01
9.64824120603015034e-01 -2.42840270866868269e-01 4.71837726864992646e-01
9.84924623115577935e-01 -3.62800731971092805e-01 4.28080407450668832e-01
1.00502512562814061e+00 -4.56348801682513794e-01 3.57656352989000337e-01
1.02512562814070352e+00 -5.27669091349472374e-01 2.76087606757338622e-01
1.04522613065326642e+00 -5.79055172161549558e-01 1.87073760854822663e-01
1.06532663316582910e+00 -6.11512475902849073e-01 8.68491127156909293e-02
1.08542713567839200e+00 -6.15862761639865086e-01 -2.23515319175614617e-02
1.10552763819095468e+00 -5.99265467265178486e-01 -8.76725061232338371e-02
1.12562814070351758e+00 -5.87673932478181227e-01 -1.19173178282184766e-01
1.14572864321608048e+00 -5.82708254094902567e-01 -1.42731486514968142e-01
1.16582914572864316e+00 -5.91728924879848295e-01 -1.67083768528311805e-01
1.18592964824120606e+00 -6.02028845287122194e-01 -1.77567125067325832e-01
1.20603015075376874e+00 -6.35981620800493475e-01 -2.24621356541848477e-01
1.22613065326633164e+00 -6.84257989370692377e-01 -3.14389490583042774e-01
1.24623115577889454e+00 -6.93158484322332402e-01 -5.65319398366663672e-01
1.26633165829145722e+00 -6.39822527778211136e-01 -8.97171435059156419e-01
1.28643216080402012e+00 -4.34341353939406316e-01 -1.36289078942387643e+00
1.30653266331658302e+00 -7.38490054098827897e-02 -1.82592236361102822e+00
1.32663316582914570e+00 5.45746707307106615e-01 -2.31578586411684872e+00
1.34673366834170860e+00 1.44488788650218125e+00 -2.72485680461729007e+00
1.36683417085427128e+00 2.74310368146345329e+00 -1.91891979256598488e+00
1.38693467336683418e+00 3.01294635799456234e+00 4.16015974095836238e+00
1.40703517587939708e+00 -1.54119488718145931e-01 6.42063643080651580e+00
1.42713567839195976e+00 -1.16674546200547713e+00 1.04919904325607405e+00
1.44723618090452266e+00 -2.54901503792937301e-01 9.20262519524428280e-01
1.46733668341708534e+00 -8.68203035996996442e-01 3.38188596065972735e+00
1.48743718592964824e+00 -1.96606145026745716e+00 2.49012641168726168e+00
1.50753768844221114e+00 -2.26083548382492650e+00 1.43937435240212142e+00
1.52763819095477382e+00 -2.63041321502867120e+00 5.43883813694796880e-01
1.54773869346733672e+00 -2.32059897627570777e+00 -1.31040178848860922e+00
1.56783919597989940e+00 -1.52278827412718454e+00 -1.45725040343747647e+00
1.58793969849246230e+00 -1.18421712556682834e+00 -1.41327126088176339e-02
1.60804020100502520e+00 -1.71822926948603483e+00 6.48349564302108883e-01
1.62814070351758788e+00 -1.93057986026529482e+00 -6.53627786514020204e-01
1.64824120603015079e+00 -1.47420132363502954e+00 -1.29373693202477402e+00
1.66834170854271346e+00 -1.20474489695197806e+00 9.86433173081673054e-02
1.68844221105527637e+00 -2.08009546381024757e+00 2.60718870360482269e+00
1.70854271356783927e+00 -3.71042985926317082e+00 1.48589999712530041e+00
1.72864321608040195e+00 -4.38503598548459461e+00 -6.77390232538456205e-01
1.74874371859296485e+00 -4.41528288183473805e+00 -4.87719740035266724e+00
1.76884422110552775e+00 -2.16198091100687018e+00 -7.49371194957636888e+00
1.78894472361809043e+00 -4.95399062025801307e-01 -5.44282675350615808e+00
1.80904522613065333e+00 1.63296715983908658e-01 -3.50205066735980175e+00
1.82914572864321601e+00 -4.30626600075961763e-02 -1.99048019046239633e+00
1.84924623115577891e+00 -4.09746644554705053e-01 -2.09381312313578993e+00
1.86934673366834181e+00 -6.48426870341038075e-01 -2.42100998276033730e+00
1.88944723618090449e+00 -6.35416593588851386e-01 -3.55799391428219458e+00
1.90954773869346739e+00 -9.45706435057744321e-02 -4.45004286882909295e+00
1.92964824120603007e+00 4.87366761655717518e-01 -4.15114086625185674e+00
1.94974874371859297e+00 6.32940852057631842e-01 -3.98943528882060860e+00
1.96984924623115587e+00 8.78101948329970017e-01 -4.47013128526475612e+00
1.98994974874371855e+00 1.24326886940766368e+00 -4.60107757579838594e+00
2.01005025125628123e+00 1.45334484642800321e+00 -5.44401616859989357e+00
2.03015075376884413e+00 2.62855620071487683e+00 -7.85937487900894283e+00
2.05025125628140703e+00 4.48798347969212408e+00 -7.70601451699673579e+00
2.07035175879396993e+00 5.93467058930838309e+00 -8.12681506406837961e+00
2.09045226130653283e+00 8.30867054225645063e+00 -7.82601023638668991e+00
2.11055276381909529e+00 9.75950958092882281e+00 -1.54866099792657508e+00
2.13065326633165819e+00 8.82311739017018937e+00 1.07864499525777058e+00
2.15075376884422109e+00 9.50553118807494712e+00 9.01457669314596810e-01
2.17085427135678399e+00 1.03465918527847105e+01 6.09604899162790659e+00
2.19095477386934689e+00 7.27413616278187369e+00 1.84088246313873931e+01
2.21105527638190935e+00 1.05361138717456915e+00 1.34828147942027439e+01
2.23115577889447225e+00 2.40397732766718608e-01 7.45867482964817885e+00
2.25125628140703515e+00 -8.20667375990876025e-01 7.14543307679837447e+00
2.27135678391959805e+00 -1.43291997920032776e+00 8.59793071210357240e+00
2.29145728643216096e+00 -3.96793750792253475e+00 6.23862954724000573e+00
2.31155778894472341e+00 -2.78267444905410599e+00 -1.46643215034265195e-01
2.33165829145728631e+00 -1.68840579889387099e+00 4.52178961037834171e+00
2.35175879396984921e+00 -3.14809923690013971e+00 6.46093025683962185e+00
2.37185929648241212e+00 -4.81860400205317774e+00 5.53684414903365241e+00
2.39195979899497502e+00 -5.85207963757561611e+00 1.72564121715366725e+00
2.41206030150753747e+00 -5.73795404470283366e+00 -3.10354823148447756e-01
2.43216080402010038e+00 -5.79316309154572373e+00 -3.52391046546656206e+00
2.45226130653266328e+00 -4.12062257346869298e+00 -8.61050589266604938e+00
2.47236180904522618e+00 -7.62683212798937360e-01 -1.13014703193549870e+01
2.49246231155778908e+00 2.90084866727089663e+00 -1.01610651038716089e+01
2.51256281407035198e+00 5.48884680986494899e+00 -3.71415340978340103e+00
2.53266331658291444e+00 4.94906168601588003e+00 2.31353262707794016e+00
2.55276381909547734e+00 3.26543239706981359e+00 5.57628118204628809e+00
2.57286432160804024e+00 1.16060751016685137e+00 5.49811734606906466e+00
2.59296482412060314e+00 3.69542850241897092e-01 2.13093408503807646e+00
2.61306532663316604e+00 1.39130947818004302e+00 2.65380314594975242e-01
2.63316582914572850e+00 2.60203338117261174e+00 2.02478419423187228e+00
2.65326633165829140e+00 2.81276515536222771e+00 8.25083593933472770e+00
2.67336683417085430e+00 -1.22115862393818908e+00 1.78539005208567225e+01
2.69346733668341720e+00 -7.66464939508843823e+00 1.69851011302989434e+01
2.71356783919598010e+00 -1.31765148340807983e+01 1.40746102726413014e+01
2.73366834170854256e+00 -1.88833517685716643e+01 1.05258211827660975e+00
2.75376884422110546e+00 -1.73783161816840277e+01 -2.42021419790291858e+01
2.77386934673366836e+00 -7.83137738627936031e+00 -3.54944064227738565e+01
2.79396984924623126e+00 -6.08703932741583714e-02 -3.06123072487293726e+01
2.81407035175879416e+00 5.41036501449467799e+00 -2.52898613997030672e+01
2.83417085427135662e+00 9.21865936454576129e+00 -1.87626075536911223e+01
2.85427135678391952e+00 1.55494249579152264e+01 -1.43673726056454694e+01
2.87437185929648242e+00 1.86273643060678680e+01 -3.60065835489444319e-01
2.89447236180904532e+00 1.91730120710878644e+01 7.20345164544799843e+00
2.91457286432160823e+00 1.48221105744586179e+01 2.11362087391060243e+01
2.93467336683417068e+00 8.96371299154469803e+00 1.49693102894062502e+01
2.95477386934673358e+00 7.50412728382863037e+00 1.20693592868628983e+01
2.97487437185929648e+00 5.69143290428428195e+00 1.35144509438851053e+01
2.99497487437185939e+00 1.93428308247838654e+00 1.55967305368081384e+01
3.01507537688442229e+00 -1.69687165829754516e+00 1.47471493209329783e+01
3.03517587939698474e+00 -4.46910463932853919e+00 1.14054826116702444e+01
3.05527638190954764e+00 -5.50971919870568172e+00 9.68690639434756307e+00
3.07537688442211055e+00 -6.74935157770678718e+00 9.85295882062098904e+00
3.09547738693467345e+00 -7.94148647905080285e+00 6.94799554917913387e+00
3.11557788944723635e+00 -7.98924539421642077e+00 2.76959111520607726e+00
3.13567839195979881e+00 -7.26624128266174729e+00 4.34033314002444215e-01
3.15577889447236171e+00 -6.58876398217133552e+00 -1.14646277990725398e+00
3.17587939698492461e+00 -5.77474944223790487e+00 -2.45308989414537582e+00
3.19597989949748751e+00 -4.90345258300210407e+00 -4.10164678095042756e+00
3.21608040201005041e+00 -3.47011729907696420e+00 -4.77791612071608274e+00
3.23618090452261287e+00 -2.40260903384502322e+00 -3.93932688515917606e+00
3.25628140703517577e+00 -1.74547069446399927e+00 -2.87340898932469102e+00
3.27638190954773867e+00 -1.36842985013794594e+00 -9.21641412875469079e-01
3.29648241206030157e+00 -1.90500120113020888e+00 -7.22441638980760442e-02
3.31658291457286447e+00 -2.00600389610840546e+00 -5.81151263196537649e-01
3.33668341708542693e+00 -2.02926489836144119e+00 -5.59690065984252971e-01
3.35678391959798983e+00 -2.13450799885254661e+00 -7.27415494655245021e-01
3.37688442211055273e+00 -2.36926790203249960e+00 5.00586165162033914e-01
3.39698492462311563e+00 -3.35299667840674687e+00 1.22439678979492414e-01
3.41708542713567853e+00 -3.75159587221626323e+00 -1.33508911461480784e+00
3.43718592964824099e+00 -3.58929066588825618e+00 -2.85399933001751904e+00
3.45728643216080389e+00 -2.82189060759022414e+00 -3.48300353502439508e+00
3.47738693467336679e+00 -2.33549690806517063e+00 -2.62028497361452972e+00
3.49748743718592969e+00 -2.48603063134954283e+00 -1.64605503301032230e+00
3.51758793969849259e+00 -2.92413628918330604e+00 -2.71145448486336038e+00
3.53768844221105550e+00 -2.50012957782230361e+00 -4.39164605460746138e+00
3.55778894472361795e+00 -1.71791866251257441e+00 -5.67515556012452382e+00
3.57788944723618085e+00 -6.35663540540057692e-01 -5.19572271236263017e+00
3.59798994974874375e+00 -5.13045001661901146e-01 -4.49347975979502312e+00
3.61809045226130666e+00 2.37363945737418744e-02 -6.16019225755065314e+00
3.63819095477386956e+00 1.01856232067398533e+00 -5.94860380810461020e+00
3.65829145728643201e+00 1.59048609322206813e+00 -6.30115050149725509e+00
3.67839195979899491e+00 3.19675333698477404e+00 -7.67392343577105507e+00
3.69849246231155782e+00 4.89450034517695620e+00 -5.35653818741450927e+00
3.71859296482412072e+00 5.23914025315984500e+00 -2.75951268325144561e+00
3.73869346733668362e+00 5.28283530317353289e+00 -1.30356854394912736e+00
3.75879396984924607e+00 5.06125772459832390e+00 -1.93685714205492354e-02
3.77889447236180898e+00 4.81934714652700080e+00 9.39581731379219187e-01
3.79899497487437188e+00 4.51420192119839392e+00 2.65387801096995135e+00
3.81909547738693478e+00 3.70048026689035314e+00 4.15829405148362596e+00
3.83919597989949768e+00 2.66584884664302546e+00 4.79864697073954005e+00
3.85929648241206014e+00 1.69541896404176673e+00 4.51697616824079073e+00
3.87939698492462304e+00 9.93096060041120166e-01 4.00722543398884845e+00
3.89949748743718594e+00 4.09651819188864785e-01 3.86728442655815741e+00
3.91959798994974884e+00 -1.50438158745524242e-01 3.44224372116523281e+00
3.93969849246231174e+00 -5.71353448742352388e-01 3.32280897567915812e+00
3.95979899497487420e+00 -1.17238260388221049e+00 3.05553908575076116e+00
3.97989949748743710e+00 -1.59967086880074949e+00 2.19575221485071914e+00
4.00000000000000000e+00 -1.82957579446639862e+00 1.30473699215733574e+00
