# SHG sigma units=A/V^2 component=xyy
# full-BZ normalized susceptibility/conductivity
# energy_eV total_re total_im
0.00000000000000000e+00 1.41960688744269091e-11 3.59435737977200389e-12
2.01005025125628144e-02 1.41935581893878791e-11 -6.98721511637318213e-13
4.02010050251256287e-02 1.42006751234564435e-11 -1.20053328493622742e-13
6.03015075376884396e-02 1.42114580277015099e-11 4.60571479307951348e-13
8.04020100502512575e-02 1.42259091624097378e-11 1.03812721956513192e-12
1.00502512562814075e-01 1.42440417172555427e-11 1.61305535994416109e-12
1.20603015075376879e-01 1.42658737475321444e-11 2.18634375399094077e-12
1.40703517587939697e-01 1.42914275688713567e-11 2.75907492955901917e-12
1.60804020100502515e-01 1.43207296024325813e-11 3.33234540127864897e-12
1.80904522613065333e-01 1.43538102710367248e-11 3.90724870605737738e-12
2.01005025125628151e-01 1.43907038988803277e-11 4.48487419688950893e-12
2.21105527638190968e-01 1.44314485886130978e-11 5.06631080563509008e-12
2.41206030150753759e-01 1.44760860613486746e-11 5.65265277689261927e-12
2.61306532663316604e-01 1.45246614580254998e-11 6.24500644560692357e-12
2.81407035175879394e-01 1.45772230783830137e-11 6.84449780660808026e-12
3.01507537688442184e-01 1.46338220530307574e-11 7.45228088063691592e-12
3.21608040201005030e-01 1.46945119233741467e-11 8.06954701190987365e-12
3.41708542713567820e-01 1.47593481074967195e-11 8.69753532076609163e-12
3.61809045226130666e-01 1.48283872288850323e-11 9.33754461416654846e-12
3.81909547738693456e-01 1.49016862587840191e-11 9.99094715696554407e-12
4.02010050251256301e-01 1.49793014403526654e-11 1.06592048230642819e-11
4.22110552763819091e-01 1.50612869276255938e-11 1.13438883123734622e-11
4.42211055276381937e-01 1.51476930649018027e-11 1.20467003343117763e-11
4.62311557788944727e-01 1.52385642129633892e-11 1.27695039670440011e-11
4.82412060301507517e-01 1.53339359980116623e-11 1.35143578230298122e-11
5.02512562814070307e-01 1.54338318239199603e-11 1.42835602572460148e-11
5.22613065326633208e-01 1.55382584319770172e-11 1.50797057202744902e-11
5.42713567839195998e-01 1.56472002459540786e-11 1.59057576221916920e-11
5.62814070351758788e-01 1.57606121212717963e-11 1.67651439454411787e-11
5.82914572864321578e-01 1.58784100286869928e-11 1.76618846617674142e-11
6.03015075376884369e-01 1.60004590052333194e-11 1.86007643271129425e-11
6.23115577889447270e-01 1.61265574864861953e-11 1.95875699817627580e-11
6.43216080402010060e-01 1.62564167951522823e-11 2.06294252663958508e-11
6.63316582914572850e-01 1.63896340900497150e-11 2.17352693068600513e-11
6.83417085427135640e-01 1.65256563804121272e-11 2.29165585231232207e-11
7.03517587939698541e-01 1.66637322027620140e-11 2.41883206210239835e-11
7.23618090452261331e-01 1.68028460386593241e-11 2.55707810848459547e-11
7.43718592964824121e-01 1.69416282338102237e-11 2.70919504182082794e-11
7.63819095477386911e-01 1.70782296078904692e-11 2.87918821440268132e-11
7.83919597989949701e-01 1.72101442492881356e-11 3.07299543733743482e-11
8.04020100502512602e-01 1.73339547892196346e-11 3.29978704532472066e-11
8.24120603015075393e-01 1.74449590758200663e-11 3.57440069178115124e-11
8.44221105527638183e-01 1.75366108315948840e-11 3.92213687098995875e-11
8.64321608040200973e-01 1.75996540316050299e-11 4.38861977722870444e-11
8.84422110552763874e-01 1.76136136981096659e-11 5.05985011098999584e-11
9.04522613065326664e-01 1.63466674516892975e-11 6.08790281243551621e-11
9.24623115577889454e-01 -1.79670805257018637e-11 7.45471077639053097e-11
9.44723618090452244e-01 -1.82743731806387071e-10 5.39048767036228347e-11
9.64824120603015034e-01 -2.61352863744523697e-10 -6.97865038264045649e-11
9.84924623115577935e-01 -2.65543501976290891e-11 -1.60008244695678921e-10
1.00502512562814061e+00 2.83021898074958040e-10 -1.17107166968680276e-10
1.02512562814070352e+00 4.60037557317416809e-10 3.37906447969475786e-11
1.04522613065326642e+00 4.47221041524361223e-10 2.24177866952868837e-10
1.06532663316582910e+00 2.19957060008367647e-10 3.64199146421003710e-10
1.08542713567839200e+00 -2.65975033156329398e-10 3.47431618568452527e-10
1.10552763819095468e+00 -7.19599242913828496e-10 2.16365925995423092e-10
1.12562814070351758e+00 -8.72013810804323529e-10 -5.75905477090560068e-11
1.14572864321608048e+00 -7.34060002070330344e-10 -3.74218910716010413e-10
1.16582914572864316e+00 -4.15018104361850698e-10 -5.96392328291735947e-10
1.18592964824120606e+00 7.02955298315088251e-11 -7.01760730086003736e-10
1.20603015075376874e+00 5.58854534029893255e-10 -6.94490396926187508e-10
1.22613065326633164e+00 9.84602897029850418e-10 -4.89716244675897363e-10
1.24623115577889454e+00 1.39253224655114306e-09 -2.22420749323943811e-10
1.26633165829145722e+00 1.53405591908149906e-09 2.20129123431072004e-10
1.28643216080402012e+00 1.66268652128348754e-09 5.85550115441482945e-10
1.30653266331658302e+00 1.38580938821719103e-09 1.04493254206423974e-09
1.32663316582914570e+00 1.00559910211461428e-09 1.43674680674933600e-09
1.34673366834170860e+00 -5.31250358854249233e-10 1.64895914128071542e-09
1.36683417085427128e+00 -1.78487049026923547e-09 9.49266097317414156e-10
1.38693467336683418e+00 -1.79928337378833804e-09 1.34680941600527193e-10
1.40703517587939708e+00 1.17540752332547192e-09 -1.99456769046432509e-10
1.42713567839195976e+00 3.07147356094031336e-09 1.23015596799212314e-09
1.44723618090452266e+00 2.44980026520337104e-10 2.43596029874211226e-09
1.46733668341708534e+00 -2.92588853051368576e-09 2.13842556661669268e-09
1.48743718592964824e+00 -4.22528932478340336e-09 6.98769438774954348e-10
1.50753768844221114e+00 -2.51163221342401412e-09 -4.02846927852975361e-10
1.52763819095477382e+00 -1.60716223728379644e-09 -4.30113783655590468e-10
1.54773869346733672e+00 -1.09898748641906433e-09 -5.97244693075925291e-10
1.56783919597989940e+00 -1.67783488175034541e-09 -6.30206616626752785e-10
1.58793969849246230e+00 -1.40286436365092752e-09 -8.21328188413764231e-10
1.60804020100502520e+00 -2.04036733144178651e-09 -1.48340899561899344e-09
1.62814070351758788e+00 -1.26479057712652141e-09 -1.86691255492897789e-09
1.64824120603015079e+00 1.17379272822276120e-09 -1.28574719268748492e-09
1.66834170854271346e+00 3.50212014341428321e-09 -4.79875878348509868e-10
1.68844221105527637e+00 8.09059870661974070e-10 8.03409041029708428e-10
1.70854271356783927e+00 -1.58683810134534359e-09 -1.03970057748145539e-10
1.72864321608040195e+00 -7.18510840730126014e-10 -5.60808669253251452e-10
1.74874371859296485e+00 7.52334699064145304e-10 -3.55802365490000330e-10
1.76884422110552775e+00 -6.94390641165760604e-11 1.64681811256875316e-10
1.78894472361809043e+00 -6.26668685348653529e-10 4.41851691954710452e-11
1.80904522613065333e+00 -1.24025833902868923e-09 1.15544183651177646e-10
1.82914572864321601e+00 -2.54544072450559422e-09 -4.46861571727585744e-10
1.84924623115577891e+00 -1.86420940413732161e-09 -1.27414682903027914e-09
1.86934673366834181e+00 -2.75386372434915546e-09 -1.61666777926676022e-09
1.88944723618090449e+00 -1.97429831824862296e-09 -2.98915700344545036e-09
1.90954773869346739e+00 -3.21985281602014709e-10 -3.12525231491465586e-09
1.92964824120603007e+00 -5.79401042583055578e-10 -3.73490739221161506e-09
1.94974874371859297e+00 1.97733211301661719e-09 -3.96450904201463587e-09
1.96984924623115587e+00 4.51133148106597685e-09 -3.27881002440298299e-09
1.98994974874371855e+00 5.96030272172835202e-09 -1.53444175705933209e-09
2.01005025125628123e+00 4.46307955543944264e-09 -1.19657894118011056e-10
2.03015075376884413e+00 2.28282454775858909e-09 2.58664314270637273e-10
2.05025125628140703e+00 1.03280200440733494e-09 -2.39997116395424555e-10
2.07035175879396993e+00 2.02035808335870770e-09 -1.03514242054771044e-09
2.09045226130653283e+00 5.17617628813031335e-09 -8.65232029489652170e-10
2.11055276381909529e+00 7.16590746366100417e-09 8.71063016659386635e-10
2.13065326633165819e+00 6.27496803816890156e-09 2.22882743635925616e-09
2.15075376884422109e+00 7.48045528311795444e-09 4.13394976569731684e-09
2.17085427135678399e+00 4.06868555450293527e-09 6.00191440808590283e-09
2.19095477386934689e+00 -3.87406342323072945e-10 5.95879654407479141e-09
2.21105527638190935e+00 -2.91929397166795745e-09 4.62597656617549736e-09
2.23115577889447225e+00 -3.21941349591013743e-09 3.16077788510931306e-09
2.25125628140703515e+00 -2.78468505994150566e-09 2.05723322671790951e-09
2.27135678391959805e+00 -1.05401228673432220e-09 1.88960583407177577e-09
2.29145728643216096e+00 -2.39593151584440401e-09 2.04926413936708963e-09
2.31155778894472341e+00 -3.10056120504996107e-09 9.29149857980607009e-10
2.33165829145728631e+00 -2.37127044159281208e-09 1.47142088491055488e-09
2.35175879396984921e+00 -2.73806278255570058e-10 8.78860516791229860e-10
2.37185929648241212e+00 4.75257895294643411e-09 4.47842147059388224e-09
2.39195979899497502e+00 -8.78797205410870292e-10 6.45730884521033841e-09
2.41206030150753747e+00 -1.64902509061343182e-08 4.69289206511826399e-09
2.43216080402010038e+00 -1.69468933277388800e-08 -6.70520207396660720e-09
2.45226130653266328e+00 -5.92306088930035663e-09 -9.01540862066561988e-09
2.47236180904522618e+00 -6.13199840658511065e-09 -1.17973759105010434e-08
2.49246231155778908e+00 1.82237987648867359e-08 -1.01462030981887529e-08
2.51256281407035198e+00 1.09371886275613680e-08 2.67390721458070383e-09
2.53266331658291444e+00 -2.46450530332473703e-09 1.62615888455056898e-09
2.55276381909547734e+00 8.10189626163519855e-10 5.67571081447352751e-10
2.57286432160804024e+00 2.35118039041409532e-09 4.20425096213879207e-10
2.59296482412060314e+00 7.51664352403438833e-10 1.77500915752287731e-10
2.61306532663316604e+00 1.51233326034773549e-09 -7.38313207610149414e-10
2.63316582914572850e+00 2.71362312570179962e-09 -4.99470228241109433e-10
2.65326633165829140e+00 1.47533368117506462e-09 -1.01013753569676118e-09
2.67336683417085430e+00 -1.26881084223201919e-09 -2.70680824390256999e-09
2.69346733668341720e+00 -1.90991512698081771e-08 -7.47710738609481849e-09
2.71356783919598010e+00 -3.54833021707417958e-08 -2.17157019974830300e-08
2.73366834170854256e+00 5.47108793636078620e-08 -2.92126852379857357e-08
2.75376884422110546e+00 6.29530494680018238e-08 3.34022211485059501e-08
2.77386934673366836e+00 -3.99678694103254431e-08 2.19677268318675839e-08
2.79396984924623126e+00 -1.52624440585988946e-08 1.14587360268169775e-08
2.81407035175879416e+00 -4.04334569373687499e-09 6.22012593363795147e-09
2.83417085427135662e+00 -2.32340297264335517e-09 5.74216369634030843e-09
2.85427135678391952e+00 -2.65204767031878333e-09 3.68539085265904869e-09
2.87437185929648242e+00 -2.03610719229124398e-09 2.86176489604525379e-09
2.89447236180904532e+00 -2.20923877840771336e-09 2.20597462651386027e-09
2.91457286432160823e+00 -7.20207627624898944e-09 5.70945942016663734e-10
2.93467336683417068e+00 -1.21817233421923065e-08 -5.64031165110134430e-09
2.95477386934673358e+00 -2.63660150547704085e-08 -1.26874096571879353e-08
2.97487437185929648e+00 -3.05256232782541882e-08 -2.79257099690181039e-08
2.99497487437185939e+00 5.58770682970103095e-08 -2.43503980581824723e-08
3.01507537688442229e+00 5.61797324285100221e-08 2.57468506006097852e-08
3.03517587939698474e+00 -3.18151369872686031e-08 2.61491407373411811e-08
3.05527638190954764e+00 -2.23851881684224450e-08 1.39847629466808209e-08
3.07537688442211055e+00 2.49718420402018954e-09 1.14282193559262737e-08
3.09547738693467345e+00 4.74266378767764747e-08 2.40870779637519671e-08
3.11557788944723635e+00 4.34445762190190629e-08 5.17291472386052869e-08
3.13567839195979881e+00 -1.24325536364553645e-07 2.28399870801511549e-08
3.15577889447236171e+00 -7.00365362128351777e-08 -3.87226594564572698e-08
3.17587939698492461e+00 5.00080858742214914e-08 -3.83164625127423739e-08
3.19597989949748751e+00 2.80988339809736902e-08 -1.68089831209211296e-08
3.21608040201005041e+00 3.23627098849387998e-09 -1.18561797263815523e-08
3.23618090452261287e+00 -3.25766659080043444e-09 -9.03776761054330857e-09
3.25628140703517577e+00 -7.46013611081700349e-09 -1.13503190064081366e-08
3.27638190954773867e+00 4.35707028831218591e-09 -1.42918248146066566e-08
3.29648241206030157e+00 1.94088304704598542e-08 -6.10618267534951703e-09
3.31658291457286447e+00 -8.66717666467600223e-09 -2.66924863257897540e-09
3.33668341708542693e+00 -2.16395705132183008e-08 -1.29545114195156712e-08
3.35678391959798983e+00 1.05074441567426663e-08 -2.02489982821277166e-08
3.37688442211055273e+00 -6.70540606953480559e-09 -7.92273251310484871e-09
3.39698492462311563e+00 1.28536868187201973e-08 -1.84425980643245218e-08
3.41708542713567853e+00 7.11177489745256079e-08 1.66471370320481309e-08
3.43718592964824099e+00 3.25697825886900058e-08 3.71007107637310712e-08
3.45728643216080389e+00 -4.02128718376164417e-08 4.39557187778530031e-08
3.47738693467336679e+00 -6.55769293271906157e-08 -5.44021910407064407e-09
3.49748743718592969e+00 2.44830767089120948e-08 -1.21090354726796281e-08
3.51758793969849259e+00 2.95111205055054551e-08 2.75621017183632325e-09
3.53768844221105550e+00 -5.92775334607318024e-09 8.73417500006801760e-09
3.55778894472361795e+00 -2.30975004071871761e-08 -4.54470394266384128e-09
3.57788944723618085e+00 7.51123010515095537e-09 -6.52291170002008880e-09
3.59798994974874375e+00 3.74981027648777861e-09 -2.92264050707097718e-09
3.61809045226130666e+00 7.26225122075994683e-09 -2.12538556005232322e-09
3.63819095477386956e+00 1.62368724685490769e-09 2.28845690742127216e-09
3.65829145728643201e+00 -5.71981026140258713e-09 -3.12424554101016095e-10
3.67839195979899491e+00 1.08673273994256727e-08 -9.13996341647902060e-10
3.69849246231155782e+00 7.62890393958857542e-09 7.75885021155333295e-09
3.71859296482412072e+00 -2.20675591422987835e-09 6.08335839687067966e-09
3.73869346733668362e+00 1.50379153663821316e-09 5.39613937160073369e-09
3.75879396984924607e+00 2.84184810890335328e-11 5.44192035214573408e-09
3.77889447236180898e+00 -5.24920490207767394e-10 3.71207498683134620e-09
3.79899497487437188e+00 3.71647492129730539e-11 3.60040290361426621e-09
3.81909547738693478e+00 -1.31544507572198136e-09 3.45988198147023990e-09
3.83919597989949768e+00 -5.87240703128487598e-10 3.60179026791336452e-09
3.85929648241206014e+00 -1.61167752760886871e-09 4.13498766012928784e-09
3.87939698492462304e+00 -2.81403867425885643e-09 4.14762895150075146e-09
3.89949748743718594e+00 -4.24540558642218962e-09 4.11021703924285754e-09
3.91959798994974884e+00 -5.70663795093714913e-09 3.51965447719542846e-09
3.93969849246231174e+00 -5.95478905432312793e-09 2.70604250248257195e-09
3.95979899497487420e+00 -5.81110091479908648e-09 2.24421865931803814e-09
3.97989949748743710e+00 -6.40764472444133283e-09 1.57969760367578870e-09
4.00000000000000000e+00 -6.08356361962614955e-09 7.36822577379822754e-10
