# SHG sigma units=A/V^2 component=zyy
# full-BZ normalized susceptibility/conductivity
# energy_eV total_re total_im
0.00000000000000000e+00 1.63045788252669214e-10 4.05658071997011713e-12
2.01005025125628144e-02 1.63093908826488815e-10 8.46997309043280533e-11
4.02010050251256287e-02 1.63184674092971452e-10 1.66275855250555397e-10
6.03015075376884396e-02 1.63318245758423395e-10 2.48824449604362146e-10
8.04020100502512575e-02 1.63494873184430759e-10 3.32385947486764198e-10
1.00502512562814075e-01 1.63714894751676462e-10 4.17001692564030189e-10
1.20603015075376879e-01 1.63978739734204880e-10 5.02713905056406623e-10
1.40703517587939697e-01 1.64286930713032409e-10 5.89565638357498144e-10
1.60804020100502515e-01 1.64640086550068177e-10 6.77600721620020945e-10
1.80904522613065333e-01 1.65038925956098261e-10 7.66863683337292681e-10
2.01005025125628151e-01 1.65484271697618405e-10 8.57399649995344678e-10
2.21105527638190968e-01 1.65977055489227796e-10 9.49254212599191263e-10
2.41206030150753759e-01 1.66518323625915348e-10 1.04247325225914670e-09
2.61306532663316604e-01 1.67109243433463619e-10 1.13710271390094159e-09
2.81407035175879394e-01 1.67751110605609090e-10 1.23318831442495562e-09
3.01507537688442184e-01 1.68445357528748917e-10 1.33077516811880354e-09
3.21608040201005030e-01 1.69193562703446659e-10 1.42990730749409055e-09
3.41708542713567820e-01 1.69997461381797396e-10 1.53062707172630515e-09
3.61809045226130666e-01 1.70858957578653090e-10 1.63297432695522494e-09
3.81909547738693456e-01 1.71780137619991303e-10 1.73698547224257608e-09
4.02010050251256301e-01 1.72763285433494711e-10 1.84269217106819118e-09
4.22110552763819091e-01 1.73810899813780442e-10 1.95011972953002422e-09
4.42211055276381937e-01 1.74925713937173414e-10 2.05928501711146294e-09
4.62311557788944727e-01 1.76110717448482743e-10 2.17019379129532685e-09
4.82412060301507517e-01 1.77369181496607409e-10 2.28283723956664799e-09
5.02512562814070307e-01 1.78704687175560902e-10 2.39718748583002563e-09
5.22613065326633208e-01 1.80121157888192301e-10 2.51319171435585334e-09
5.42713567839195998e-01 1.81622896285539290e-10 2.63076443028166555e-09
5.62814070351758788e-01 1.83214626521084470e-10 2.74977718147584390e-09
5.82914572864321578e-01 1.84901542745636683e-10 2.87004478124588697e-09
6.03015075376884369e-01 1.86689364938105712e-10 2.99130664513643634e-09
6.23115577889447270e-01 1.88584403414576769e-10 3.11320120731224966e-09
6.43216080402010060e-01 1.90593633663704812e-10 3.23523037803111559e-09
6.63316582914572850e-01 1.92724783531182311e-10 3.35670941402731135e-09
6.83417085427135640e-01 1.94986435296335910e-10 3.47669499607793663e-09
7.03517587939698541e-01 1.97388145840373767e-10 3.59388001669458057e-09
7.23618090452261331e-01 1.99940589010025669e-10 3.70643622250666826e-09
7.43718592964824121e-01 2.02655725548820981e-10 3.81177281444436354e-09
7.63819095477386911e-01 2.05547007802216135e-10 3.90615512406831399e-09
7.83919597989949701e-01 2.08629629206214854e-10 3.98408151803738527e-09
8.04020100502512602e-01 2.11920833160593070e-10 4.03722453282877236e-09
8.24120603015075393e-01 2.15440303921619883e-10 4.05254874160455193e-09
8.44221105527638183e-01 2.19210677561867092e-10 4.00879573929626627e-09
8.64321608040200973e-01 2.23259122241594522e-10 3.86961443797026066e-09
8.84422110552763874e-01 2.28397871580666288e-10 3.57017929821388540e-09
9.04522613065326664e-01 3.34294439210298392e-10 3.00057051495435455e-09
9.24623115577889454e-01 2.35715355298186593e-09 2.15868803656060749e-09
9.44723618090452244e-01 8.99407757219242376e-09 2.92593217857383458e-09
9.64824120603015034e-01 1.22475803633525158e-08 6.46691938997223425e-09
9.84924623115577935e-01 1.13261017034951054e-08 9.77136167228413213e-09
1.00502512562814061e+00 9.65005406832063468e-09 1.24742378769767308e-08
1.02512562814070352e+00 7.59129890797966671e-09 1.46559757464938944e-08
1.04522613065326642e+00 5.23574087826146172e-09 1.63488393558110503e-08
1.06532663316582910e+00 2.45898343512749109e-09 1.75512307904680242e-08
1.08542713567839200e+00 -6.78175706628378370e-10 1.79662816110391395e-08
1.10552763819095468e+00 -2.61822993945307077e-09 1.77737616875062535e-08
1.12562814070351758e+00 -3.61683455228375387e-09 1.77244095438342299e-08
1.14572864321608048e+00 -4.40411118410940546e-09 1.78699561932406405e-08
1.16582914572864316e+00 -5.24968003321335674e-09 1.84500039164633784e-08
1.18592964824120606e+00 -5.66973713276921431e-09 1.90807112084696060e-08
1.20603015075376874e+00 -7.30251774117274068e-09 2.04716294174217312e-08
1.22613065326633164e+00 -1.04206233259326484e-08 2.23565002774974886e-08
1.24623115577889454e+00 -1.90268878427511785e-08 2.29227133417007546e-08
1.26633165829145722e+00 -3.06844793108326126e-08 2.13558214400720389e-08
1.28643216080402012e+00 -4.72879629924733623e-08 1.44333757213090708e-08
1.30653266331658302e+00 -6.43258378456357208e-08 1.86170550103321930e-09
1.32663316582914570e+00 -8.27681995173541164e-08 -2.03063041024038358e-08
1.34673366834170860e+00 -9.88227333827125492e-08 -5.31270420330662836e-08
1.36683417085427128e+00 -6.97663289270733814e-08 -1.01181244745712305e-07
1.38693467336683418e+00 1.57155488921365915e-07 -1.11218627520625289e-07
1.40703517587939708e+00 2.42037723219785317e-07 7.64245010266286918e-09
1.42713567839195976e+00 3.91992063688597523e-08 4.55822733975727099e-08
1.44723618090452266e+00 3.65798410903392729e-08 1.06471293025462662e-08
1.46733668341708534e+00 1.33741656385540073e-07 3.54293629963916122e-08
1.48743718592964824e+00 9.91713068473042824e-08 7.95924202335809063e-08
1.50753768844221114e+00 5.82784203861163582e-08 9.22685985076243586e-08
1.52763819095477382e+00 2.18867288850445652e-08 1.08318600260622360e-07
1.54773869346733672e+00 -5.49076378566136223e-08 9.63191356405620659e-08
1.56783919597989940e+00 -6.12422377430316475e-08 6.38318959167515029e-08
1.58793969849246230e+00 -1.58396806889435074e-10 5.04550141156867561e-08
1.60804020100502520e+00 2.78726098778976122e-08 7.43299418488292284e-08
1.62814070351758788e+00 -2.90148598102154196e-08 8.42859066952797364e-08
1.64824120603015079e+00 -5.72958728963360927e-08 6.49894905880599867e-08
1.66834170854271346e+00 5.09952552619143279e-09 5.39796498861093051e-08
1.68844221105527637e+00 1.18734605917259000e-07 9.48920848933035520e-08
1.70854271356783927e+00 6.76428182926224280e-08 1.70578423112108284e-07
1.72864321608040195e+00 -3.21604638589867230e-08 2.03202491070262127e-07
1.74874371859296485e+00 -2.30842127177426040e-07 2.05777911223262664e-07
1.76884422110552775e+00 -3.56445167162008111e-07 1.00165527622360214e-07
1.78894472361809043e+00 -2.61370792776599542e-07 2.14949335526563874e-08
1.80904522613065333e+00 -1.69908971191680529e-07 -9.82819329362841052e-09
1.82914572864321601e+00 -9.77766131547057520e-08 6.57261695200376713e-10
1.84924623115577891e+00 -1.04197134200367298e-07 1.89122673112321383e-08
1.86934673366834181e+00 -1.21957350922979493e-07 3.10117257947486690e-08
1.88944723618090449e+00 -1.81383312718544081e-07 3.03349547541573382e-08
1.90954773869346739e+00 -2.29012644555541189e-07 2.54156471056721486e-09
1.92964824120603007e+00 -2.15679213131896861e-07 -2.77320152880398283e-08
1.94974874371859297e+00 -2.09627595350562362e-07 -3.57510379032369471e-08
1.96984924623115587e+00 -2.37197036743233137e-07 -4.93195577303485094e-08
1.98994974874371855e+00 -2.46458434293844605e-07 -6.95513951553292216e-08
2.01005025125628123e+00 -2.95113927839131987e-07 -8.19299576121363206e-08
2.03015075376884413e+00 -4.29887944367582600e-07 -1.47553556756913303e-07
2.05025125628140703e+00 -4.25334650525501455e-07 -2.51542290631786771e-07
2.07035175879396993e+00 -4.53736299717996114e-07 -3.34491339361478099e-07
2.09045226130653283e+00 -4.39521394949416660e-07 -4.70808507200045150e-07
2.11055276381909529e+00 -8.49821461881694410e-08 -5.55804220420009118e-07
2.13065326633165819e+00 6.41109505091761097e-08 -5.05819281180199428e-07
2.15075376884422109e+00 5.43106631077349188e-08 -5.48725880802883685e-07
2.17085427135678399e+00 3.58581091260486308e-07 -6.00969299765352566e-07
2.19095477386934689e+00 1.08626946282667520e-06 -4.22684881098270745e-07
2.21105527638190935e+00 7.99016198147372288e-07 -5.74108150829707626e-08
2.23115577889447225e+00 4.46868862671716640e-07 -1.02235304733051581e-08
2.25125628140703515e+00 4.31308941616985190e-07 5.32425944004069187e-08
2.27135678391959805e+00 5.26006119553422516e-07 9.08526033477115136e-08
2.29145728643216096e+00 3.83688252743763248e-07 2.47416582442318187e-07
2.31155778894472341e+00 -8.32318415963288496e-09 1.74498986292274974e-07
2.33165829145728631e+00 2.84963857346230111e-07 1.08100464150836184e-07
2.35175879396984921e+00 4.08437217243542870e-07 2.01538421346564860e-07
2.37185929648241212e+00 3.52239130620149511e-07 3.09382482915217179e-07
2.39195979899497502e+00 1.09381648053883352e-07 3.77118203417893575e-07
2.41206030150753747e+00 -2.13088320437126227e-08 3.71692713939145196e-07
2.43216080402010038e+00 -2.32565474294351616e-07 3.76938770927770458e-07
2.45226130653266328e+00 -5.69797253080710085e-07 2.68148736727381917e-07
2.47236180904522618e+00 -7.52181978346186526e-07 4.61228844497901964e-08
2.49246231155778908e+00 -6.79991224419455569e-07 -1.98768029945865251e-07
2.51256281407035198e+00 -2.47947090798060757e-07 -3.73240325846718050e-07
2.53266331658291444e+00 1.59654625405093374e-07 -3.37400569716319024e-07
2.55276381909547734e+00 3.83940416404407684e-07 -2.23224870976896088e-07
2.57286432160804024e+00 3.80229921487556812e-07 -7.91456594937002405e-08
2.59296482412060314e+00 1.47754749558004002e-07 -2.52347267076157208e-08
2.61306532663316604e+00 1.80770710371889615e-08 -9.76335382440045339e-08
2.63316582914572850e+00 1.43228121296498992e-07 -1.83722983604815195e-07
2.65326633165829140e+00 5.90991421871568361e-07 -1.98930087246222810e-07
2.67336683417085430e+00 1.28538335176646303e-06 9.16682804216165330e-08
2.69346733668341720e+00 1.22899064928710380e-06 5.58505655327916634e-07
2.71356783919598010e+00 1.02315602945817204e-06 9.62439576716402763e-07
2.73366834170854256e+00 6.51593890463189938e-08 1.38386470446861978e-06
2.75376884422110546e+00 -1.80779530420506624e-06 1.27457896591130462e-06
2.77386934673366836e+00 -2.65317673023137249e-06 5.66151344829416014e-07
2.79396984924623126e+00 -2.29334932305537183e-06 -1.32342988586857370e-08
2.81407035175879416e+00 -1.89876726346527634e-06 -4.23107103004279165e-07
2.83417085427135662e+00 -1.41764850829772783e-06 -7.11207398318220337e-07
2.85427135678391952e+00 -1.09470033043293718e-06 -1.19816760904615011e-06
2.87437185929648242e+00 -2.56954333493111747e-08 -1.43907112622416112e-06
2.89447236180904532e+00 5.62209312835654961e-07 -1.48883238915921245e-06
2.91457286432160823e+00 1.65695216935210991e-06 -1.15383293001116568e-06
2.93467336683417068e+00 1.17673209737353831e-06 -6.99869399937851843e-07
2.95477386934673358e+00 9.54158941182627012e-07 -5.89762999763361532e-07
2.97487437185929648e+00 1.07728671658048749e-06 -4.49641847192786206e-07
2.99497487437185939e+00 1.25527754497381063e-06 -1.50128283109213834e-07
3.01507537688442229e+00 1.19844197740220846e-06 1.43024577091624850e-07
3.03517587939698474e+00 9.34492793983532220e-07 3.69925337707433186e-07
3.05527638190954764e+00 7.98513610365004484e-07 4.57639719083986123e-07
3.07537688442211055e+00 8.14621520090733461e-07 5.62686091884934574e-07
3.09547738693467345e+00 5.76181019164761308e-07 6.64308383368579884e-07
3.11557788944723635e+00 2.30085113313399251e-07 6.70899785684512914e-07
3.13567839195979881e+00 3.52809273715606803e-08 6.12960617736730059e-07
3.15577889447236171e+00 -9.88859841937944922e-08 5.58342747191884588e-07
3.17587939698492461e+00 -2.11377678798117270e-07 4.91348119719157252e-07
3.19597989949748751e+00 -3.54232504137535698e-07 4.18590551701908177e-07
3.21608040201005041e+00 -4.13511170924953425e-07 2.96766521034086044e-07
3.23618090452261287e+00 -3.42188733135400101e-07 2.05839866499419479e-07
3.25628140703517577e+00 -2.50698645116188406e-07 1.49979928619069780e-07
3.27638190954773867e+00 -8.01131550290015914e-08 1.18308155960491379e-07
3.29648241206030157e+00 -6.18644866444639079e-09 1.66961017089553740e-07
3.31658291457286447e+00 -5.17808983067485013e-08 1.77029307159633647e-07
3.33668341708542693e+00 -5.05573031821341409e-08 1.80295058294684098e-07
3.35678391959798983e+00 -6.61973003058839096e-08 1.90848593243872852e-07
3.37688442211055273e+00 4.56835269948933629e-08 2.13479527542773612e-07
3.39698492462311563e+00 1.14455326223228770e-08 3.04609045078127251e-07
3.41708542713567853e+00 -1.22345504697220007e-07 3.42922776503841046e-07
3.43718592964824099e+00 -2.63846459436881426e-07 3.29615583949730690e-07
3.45728643216080389e+00 -3.23501080692990535e-07 2.60032020907714654e-07
3.47738693467336679e+00 -2.44314275168714396e-07 2.16343097459119811e-07
3.49748743718592969e+00 -1.54415565650831114e-07 2.32085951507316234e-07
3.51758793969849259e+00 -2.57000430323604183e-07 2.74642559534259409e-07
3.53768844221105550e+00 -4.18320858107618228e-07 2.35402052692563608e-07
3.55778894472361795e+00 -5.43570313763606621e-07 1.61554453759994906e-07
3.57788944723618085e+00 -4.99986575556898205e-07 5.83209914527593501e-08
3.59798994974874375e+00 -4.35476331934746290e-07 4.68222559367018196e-08
3.61809045226130666e+00 -5.99971014036791052e-07 -5.52018625215523044e-09
3.63819095477386956e+00 -5.81949519077121233e-07 -1.02864177033651859e-07
3.65829145728643201e+00 -6.20450790536613405e-07 -1.59737234572246140e-07
3.67839195979899491e+00 -7.59209682667021020e-07 -3.19621706007168804e-07
3.69849246231155782e+00 -5.32150205062263658e-07 -4.89479433531141083e-07
3.71859296482412072e+00 -2.75764388069156334e-07 -5.25735695996901870e-07
3.73869346733668362e+00 -1.30514101803623775e-07 -5.32223987660672723e-07
3.75879396984924607e+00 -9.83995912066299748e-10 -5.11926407057149520e-07
3.77889447236180898e+00 9.67127742383576667e-08 -4.89337580593051782e-07
3.79899497487437188e+00 2.72395537819066501e-07 -4.59909065561091343e-07
3.81909547738693478e+00 4.27783058474924397e-07 -3.78094267011126664e-07
3.83919597989949768e+00 4.95584876821125228e-07 -2.72892785542550803e-07
3.85929648241206014e+00 4.68560429749929119e-07 -1.73580703321082376e-07
3.87939698492462304e+00 4.17817283711613988e-07 -1.01364565969630608e-07
3.89949748743718594e+00 4.05410436539647624e-07 -4.08218500408093443e-08
3.91959798994974884e+00 3.62711319659912110e-07 1.77912926199011922e-08
3.93969849246231174e+00 3.52017328870365522e-07 6.23053439955145816e-08
3.95979899497487420e+00 3.24971102322258031e-07 1.26388366904639695e-07
3.97989949748743710e+00 2.34350516097809697e-07 1.72321675772550758e-07
4.00000000000000000e+00 1.39703190244088576e-07 1.97445004269121843e-07
