# SHG chi units=pm/V component=yzz
# full-BZ normalized susceptibility/conductivity
# energy_eV total_re total_im
0.00000000000000000e+00 -1.12283380918717762e+03 -7.58984974044814244e-06
2.01005025125628144e-02 -1.12306333871544985e+03 1.01163904912063164e-02
4.02010050251256287e-02 -1.12374390373857887e+03 5.07607089597391856e-03
6.03015075376884396e-02 -1.12487870896938671e+03 3.39553239892373491e-03
8.04020100502512575e-02 -1.12647087406683750e+03 2.55850155126597289e-03
1.00502512562814075e-01 -1.12852499153450003e+03 2.05925185532330936e-03
1.20603015075376879e-01 -1.13104705562713798e+03 1.72899698077485587e-03
1.40703517587939697e-01 -1.13404449903300883e+03 1.49536706531909589e-03
1.60804020100502515e-01 -1.13752625513322937e+03 1.32217336395987380e-03
1.80904522613065333e-01 -1.14150283781228836e+03 1.18931386424185864e-03
2.01005025125628151e-01 -1.14598643855924888e+03 1.08473201918539625e-03
2.21105527638190968e-01 -1.15099104233916864e+03 1.00076066577859009e-03
2.41206030150753759e-01 -1.15653256451151265e+03 9.32293684917951076e-04
2.61306532663316604e-01 -1.16262901172870215e+03 8.75801434467883924e-04
2.81407035175879394e-01 -1.16930067045732017e+03 8.28768129255304286e-04
3.01507537688442184e-01 -1.17657032760576976e+03 7.89354292421134323e-04
3.21608040201005030e-01 -1.18446352877394497e+03 7.56185826412432340e-04
3.41708542713567820e-01 -1.19300888092650803e+03 7.28217576942137915e-04
3.61809045226130666e-01 -1.20223840791207772e+03 7.04642427598036521e-04
3.81909547738693456e-01 -1.21218796931233305e+03 6.84829166501885059e-04
4.02010050251256301e-01 -1.22289775575152248e+03 6.68279053072219067e-04
4.22110552763819091e-01 -1.23441287722508650e+03 6.54594869364136548e-04
4.42211055276381937e-01 -1.24678406548922453e+03 6.43458497659190514e-04
4.62311557788944727e-01 -1.26006851747462520e+03 6.34614431015244796e-04
4.82412060301507517e-01 -1.27433091459176740e+03 6.27857513705131496e-04
5.02512562814070307e-01 -1.28964466346599920e+03 6.23023734948370284e-04
5.22613065326633208e-01 -1.30609341822223837e+03 6.19983283089708959e-04
5.42713567839195998e-01 -1.32377296462687104e+03 6.18635289612389709e-04
5.62814070351758788e-01 -1.34279357474189760e+03 6.18903876020683694e-04
5.82914572864321578e-01 -1.36328298116764313e+03 6.20735224592692723e-04
6.03015075376884369e-01 -1.38539017856118767e+03 6.24095471350339694e-04
6.23115577889447270e-01 -1.40929034667480460e+03 6.28969298315226310e-04
6.43216080402010060e-01 -1.43519131958581556e+03 6.35359133945424142e-04
6.63316582914572850e-01 -1.46334222673236263e+03 6.43284922497499006e-04
6.83417085427135640e-01 -1.49404524865695453e+03 6.52784461197964045e-04
7.03517587939698541e-01 -1.52767194523419221e+03 6.63914342183398627e-04
7.23618090452261331e-01 -1.56468647553904111e+03 6.76751592776130440e-04
7.43718592964824121e-01 -1.60567951962032203e+03 6.91396177653100935e-04
7.63819095477386911e-01 -1.65141939418920083e+03 7.07974633998587023e-04
7.83919597989949701e-01 -1.70293188715010047e+03 7.26645291197535641e-04
8.04020100502512602e-01 -1.76163023243301450e+03 7.47605843377535705e-04
8.24120603015075393e-01 -1.82953707312075835e+03 7.71104630262740322e-04
8.44221105527638183e-01 -1.90968420279569705e+03 7.97445401802326795e-04
8.64321608040200973e-01 -2.00687019031368050e+03 7.46297209726306133e-04
8.84422110552763874e-01 -2.12910912749481713e+03 -7.12063447051833748e-02
9.04522613065326664e-01 -2.28954146712996680e+03 -9.44146514795228775e+00
9.24623115577889454e-01 -2.49278729597731945e+03 -1.98876618681841734e+02
9.44723618090452244e-01 -2.56747188910955902e+03 -8.43469894742390920e+02
9.64824120603015034e-01 -2.39052158357367080e+03 -1.21986448639516993e+03
9.84924623115577935e-01 -2.23698579269057427e+03 -1.22832023358489505e+03
1.00502512562814061e+00 -2.14290133580527072e+03 -1.19580501331665187e+03
1.02512562814070352e+00 -2.09557311217214647e+03 -1.16501825290510237e+03
1.04522613065326642e+00 -2.09002178639109434e+03 -1.14138297658180136e+03
1.06532663316582910e+00 -2.11928374836180819e+03 -1.20937537064241951e+03
1.08542713567839200e+00 -2.09481070388736907e+03 -1.47352850616053638e+03
1.10552763819095468e+00 -1.97841539302247088e+03 -1.60407990038731009e+03
1.12562814070351758e+00 -1.88735082921075332e+03 -1.58883870945737567e+03
1.14572864321608048e+00 -1.82381157606772899e+03 -1.55619156325685140e+03
1.16582914572864316e+00 -1.78213204524368280e+03 -1.53322552563109321e+03
1.18592964824120606e+00 -1.76909059420359495e+03 -1.51696070045564193e+03
1.20603015075376874e+00 -1.75931506341412546e+03 -1.50206812143841603e+03
1.22613065326633164e+00 -1.77579146181635474e+03 -1.50237555991474437e+03
1.24623115577889454e+00 -1.79801353786841787e+03 -1.48441779458491601e+03
1.26633165829145722e+00 -1.84288246517096741e+03 -1.51408806676084077e+03
1.28643216080402012e+00 -1.89505816052044497e+03 -1.44801695318376187e+03
1.30653266331658302e+00 -2.04132660278126423e+03 -1.38473072521091512e+03
1.32663316582914570e+00 -2.24245899851851391e+03 -1.36731326989514127e+03
1.34673366834170860e+00 -2.54045844333857167e+03 -1.63197105451045286e+03
1.36683417085427128e+00 -2.69635898703912972e+03 -2.41137765318456923e+03
1.38693467336683418e+00 -2.53573148881545967e+03 -3.60659417272644032e+03
1.40703517587939708e+00 -1.97500546185337112e+03 -4.08433376900448275e+03
1.42713567839195976e+00 -1.55810785504573460e+03 -4.20213482642027975e+03
1.44723618090452266e+00 -1.04453858781048507e+03 -4.24375468203215951e+03
1.46733668341708534e+00 -6.88045015456927558e+02 -3.98533912305781132e+03
1.48743718592964824e+00 -3.90387923493215226e+02 -3.98406532917052300e+03
1.50753768844221114e+00 -1.48587564984329248e+01 -4.04801471199099296e+03
1.52763819095477382e+00 3.97418568723788212e+02 -3.66160310435310930e+03
1.54773869346733672e+00 5.46985716246732409e+02 -3.00653314303696789e+03
1.56783919597989940e+00 5.98555336148350307e+02 -2.77549299662728208e+03
1.58793969849246230e+00 6.15268167362383792e+02 -2.49957959771613196e+03
1.60804020100502520e+00 6.19678393674752670e+02 -2.43770379701708862e+03
1.62814070351758788e+00 6.62867074411057501e+02 -2.25449843737346191e+03
1.64824120603015079e+00 6.43935714639401340e+02 -2.17403181404461748e+03
1.66834170854271346e+00 7.14653513930306417e+02 -2.14675852126072823e+03
1.68844221105527637e+00 7.60133915523806650e+02 -1.90613459474703905e+03
1.70854271356783927e+00 7.21969422178752666e+02 -1.60789734958018448e+03
1.72864321608040195e+00 6.12734885719152544e+02 -1.47409168284003249e+03
1.74874371859296485e+00 5.28318979586615797e+02 -1.45144261225901482e+03
1.76884422110552775e+00 4.69224048545207268e+02 -1.44900284744112651e+03
1.78894472361809043e+00 4.22153907444265485e+02 -1.42720933411703277e+03
1.80904522613065333e+00 3.90702537953671651e+02 -1.38527787264938343e+03
1.82914572864321601e+00 3.40168489145702324e+02 -1.29973200869025573e+03
1.84924623115577891e+00 2.45483179411150303e+02 -1.13113765155404644e+03
1.86934673366834181e+00 7.73486045835901024e+01 -1.07106877346215833e+03
1.88944723618090449e+00 -1.07491744387820134e+02 -1.11544650829875854e+03
1.90954773869346739e+00 -2.61819953640418760e+02 -1.43577432291732657e+03
1.92964824120603007e+00 -2.76637204157624126e+02 -1.78716573451940690e+03
1.94974874371859297e+00 -2.22044663208690253e+02 -2.09688302382322854e+03
1.96984924623115587e+00 -5.23379202403571284e+01 -2.55159856199171418e+03
1.98994974874371855e+00 2.85232859519704675e+02 -2.66349271208002847e+03
2.01005025125628123e+00 5.37796985821990802e+02 -2.47979337578553805e+03
2.03015075376884413e+00 6.92750859300225102e+02 -2.13723305562951236e+03
2.05025125628140703e+00 7.03068973044944755e+02 -1.82782186620166704e+03
2.07035175879396993e+00 6.25455277439458200e+02 -1.73717764177973163e+03
2.09045226130653283e+00 5.81304970130005358e+02 -1.76773072628506316e+03
2.11055276381909529e+00 5.35420668662047092e+02 -1.85261771763529259e+03
2.13065326633165819e+00 5.48315736872722368e+02 -2.07065756399932980e+03
2.15075376884422109e+00 6.73870117550870532e+02 -2.35966345320408163e+03
2.17085427135678399e+00 8.85644764241842154e+02 -2.38786729587494756e+03
2.19095477386934689e+00 1.02883798886519276e+03 -2.25151324484826728e+03
2.21105527638190935e+00 1.13891193127563292e+03 -2.22505844599956754e+03
2.23115577889447225e+00 1.25954032739671356e+03 -2.21803528937804003e+03
2.25125628140703515e+00 1.39953948529070999e+03 -2.27437138888790514e+03
2.27135678391959805e+00 1.60703715002209333e+03 -2.33001497418144118e+03
2.29145728643216096e+00 1.85763030891567951e+03 -2.16879333611190350e+03
2.31155778894472341e+00 2.00836177497238691e+03 -1.76770814517238910e+03
2.33165829145728631e+00 2.03828898839796557e+03 -1.51933558059781808e+03
2.35175879396984921e+00 2.09313872309919452e+03 -1.44044397854510021e+03
2.37185929648241212e+00 2.16267859540308928e+03 -1.28931325354466003e+03
2.39195979899497502e+00 2.23532458703220937e+03 -1.13776859349538472e+03
2.41206030150753747e+00 2.30941584139203178e+03 -9.13410074065466802e+02
2.43216080402010038e+00 2.38211865248499180e+03 -8.01347210875528049e+02
2.45226130653266328e+00 2.53390750222048155e+03 -4.84177678705873461e+02
2.47236180904522618e+00 2.58438274432502385e+03 -3.36224365769103741e+01
2.49246231155778908e+00 2.52883041504013545e+03 9.75313817796121498e+02
2.51256281407035198e+00 1.94565112009559971e+03 1.89071555736138589e+03
2.53266331658291444e+00 1.29653213185199593e+03 1.79434946975434423e+03
2.55276381909547734e+00 8.80425524085345160e+02 7.91347774337221040e+02
2.57286432160804024e+00 9.82703301216843556e+02 4.58845301266780893e+02
2.59296482412060314e+00 6.22163154658369876e+02 1.30433208236023870e+03
2.61306532663316604e+00 3.31490126209923915e+02 1.77680551764103825e+02
2.63316582914572850e+00 5.25565304137813541e+02 -2.96722672247205310e+02
2.65326633165829140e+00 6.40485738367286899e+02 4.21559580204813813e+02
2.67336683417085430e+00 2.58078984222274414e+02 5.57374899078230442e+02
2.69346733668341720e+00 1.79140279069965771e+02 -3.40635377566552435e+01
2.71356783919598010e+00 2.67453633759675768e+02 -3.18669483128522643e+02
2.73366834170854256e+00 2.60643955748596056e+02 6.37858670355158921e+01
2.75376884422110546e+00 1.33858267695457613e+02 -2.31639090135392109e+02
2.77386934673366836e+00 3.01754260096208554e+02 -6.47223373942725971e+02
2.79396984924623126e+00 4.71512053101338381e+02 -4.27001493307189492e+02
2.81407035175879416e+00 5.55979990276015542e+02 -2.22402005815210373e+02
2.83417085427135662e+00 4.84181775838439080e+02 1.71303838806940320e+02
2.85427135678391952e+00 3.25314111986062187e+02 2.14898136256235119e+02
2.87437185929648242e+00 1.44325494765551781e+02 1.11592541044889813e+02
2.89447236180904532e+00 9.14914397779014053e+01 -1.54978055988565359e+02
2.91457286432160823e+00 7.75899491497486480e+01 -3.87414183111772900e+02
2.93467336683417068e+00 1.81566699236849502e+02 -4.56018904186839336e+02
2.95477386934673358e+00 1.56386595229539552e+02 -3.98347238931310073e+02
2.97487437185929648e+00 2.23683510789116781e+02 -5.29997161626957450e+02
2.99497487437185939e+00 2.75976251057475963e+02 -8.46435634397636704e+02
3.01507537688442229e+00 5.62110801851642691e+02 -3.91585488436132209e+02
3.03517587939698474e+00 1.67487419401772911e+02 9.27346480849447552e+00
3.05527638190954764e+00 3.16221465313754550e+02 -1.14079455606066631e+03
3.07537688442211055e+00 5.02214186824718524e+02 -2.01093251689082962e+02
3.09547738693467345e+00 2.95233383826658780e+02 -9.17431677275650486e+02
3.11557788944723635e+00 6.51055111405322577e+02 -5.22962693806569177e+02
3.13567839195979881e+00 3.31992903606738366e+02 -2.18092177848129367e+01
3.15577889447236171e+00 2.15325742589833993e+02 -5.42983924910188989e+02
3.17587939698492461e+00 2.70238198658942281e+02 -6.91082270029995243e+02
3.19597989949748751e+00 3.12828445370194913e+02 -5.67715859084373847e+02
3.21608040201005041e+00 2.84501258683956280e+02 -4.63321150765536061e+02
3.23618090452261287e+00 2.74098669776484428e+02 -5.85253823999094607e+02
3.25628140703517577e+00 2.90500619030702353e+02 -6.34138141165521574e+02
3.27638190954773867e+00 3.25507358484831968e+02 -7.29132425622288451e+02
3.29648241206030157e+00 3.78794696720406421e+02 -6.90480149025264041e+02
3.31658291457286447e+00 4.11158316802075149e+02 -6.33264686637809405e+02
3.33668341708542693e+00 3.86940782459823765e+02 -3.66172339083454233e+02
3.35678391959798983e+00 2.15037729088551174e+02 -1.98106733832325290e+02
3.37688442211055273e+00 5.91159200495246964e+01 -3.42237102654262628e+02
3.39698492462311563e+00 -2.57059944828940168e+01 -7.15693072649229634e+02
3.41708542713567853e+00 5.28657941725204381e+01 -9.69243419699926790e+02
3.43718592964824099e+00 8.77200726776376598e+01 -1.01187150122363835e+03
3.45728643216080389e+00 1.76653146741012705e+02 -1.45587728197938191e+03
3.47738693467336679e+00 3.61456020365121105e+02 -1.39160437423635744e+03
3.49748743718592969e+00 3.90339367512506101e+02 -1.49052589884067424e+03
3.51758793969849259e+00 5.66916491205630678e+02 -1.83520063082386105e+03
3.53768844221105550e+00 8.52190525963618597e+02 -2.06121283678084183e+03
3.55778894472361795e+00 1.16185325077861080e+03 -1.60975700112251434e+03
3.57788944723618085e+00 1.12088152094156794e+03 -1.16591383512334369e+03
3.59798994974874375e+00 1.09246734341900833e+03 -1.31011005427773762e+03
3.61809045226130666e+00 1.20847135388880361e+03 -1.45942156117131208e+03
3.63819095477386956e+00 1.37945695844803845e+03 -1.31284581954018904e+03
3.65829145728643201e+00 1.48473696974672316e+03 -1.01835149964930054e+03
3.67839195979899491e+00 1.50705813939760924e+03 -7.55174448029403379e+02
3.69849246231155782e+00 1.50137548433061102e+03 -6.94864440457109708e+02
3.71859296482412072e+00 1.52655826433417496e+03 -5.93303758825289151e+02
3.73869346733668362e+00 1.49644076712545325e+03 -4.83752647635568508e+02
3.75879396984924607e+00 1.47575925463987733e+03 -5.02457546482069574e+02
3.77889447236180898e+00 1.50321691181425263e+03 -4.99341396684732445e+02
3.79899497487437188e+00 1.51672266348995822e+03 -4.07203898592743144e+02
3.81909547738693478e+00 1.52072667205809944e+03 -3.71517821781524844e+02
3.83919597989949768e+00 1.53491897276631425e+03 -2.84015266794184242e+02
3.85929648241206014e+00 1.51638943856145829e+03 -2.10616607103569663e+02
3.87939698492462304e+00 1.49534871402000158e+03 -1.01293835746721044e+02
3.89949748743718594e+00 1.43135415439851340e+03 -1.17218492922065849e+02
3.91959798994974884e+00 1.44344954130846645e+03 -1.84953995481642664e+02
3.93969849246231174e+00 1.45455522635216244e+03 -1.93252263887927484e+02
3.95979899497487420e+00 1.50780834488289247e+03 -2.40016888612090526e+02
3.97989949748743710e+00 1.58342136880064868e+03 -1.47656975647137159e+02
4.00000000000000000e+00 1.60758366524767803e+03 -8.98201227374578082e+00
