# SHG chi units=pm/V component=xxx
# full-BZ normalized susceptibility/conductivity
# energy_eV total_re total_im
0.00000000000000000e+00 -2.87245518771155582e-04 6.07072368599495413e-07
2.01005025125628144e-02 -6.62343535314915358e-04 -3.70485113465662065e-05
4.02010050251256287e-02 -4.72858406736042895e-04 -1.82619998549308277e-05
6.03015075376884396e-02 -4.11505387000358786e-04 -1.19890805493706419e-05
8.04020100502512575e-02 -3.81534350705850858e-04 -8.85493934743772484e-06
1.00502512562814075e-01 -3.64181080939984738e-04 -6.97740563991078077e-06
1.20603015075376879e-01 -3.53245222465133090e-04 -5.72845263406263830e-06
1.40703517587939697e-01 -3.46082198017404175e-04 -4.83880956750633748e-06
1.60804020100502515e-01 -3.41375881246331865e-04 -4.17381058557468425e-06
1.80904522613065333e-01 -3.38399984545441508e-04 -3.65863183137685804e-06
2.01005025125628151e-01 -3.36723520881931318e-04 -3.24837571270641540e-06
2.21105527638190968e-01 -3.36077235949537145e-04 -2.91446972779712385e-06
2.41206030150753759e-01 -3.36286989220259023e-04 -2.63786529985153386e-06
2.61306532663316604e-01 -3.37238008928549048e-04 -2.40537487645247548e-06
2.81407035175879394e-01 -3.38854588229338264e-04 -2.20757845993802773e-06
3.01507537688442184e-01 -3.41088032377215842e-04 -2.03756793642167918e-06
3.21608040201005030e-01 -3.43909269330073967e-04 -1.89016151679683087e-06
3.41708542713567820e-01 -3.47304230738029751e-04 -1.76139587528847544e-06
3.61809045226130666e-01 -3.51270958378464902e-04 -1.64818718674502567e-06
3.81909547738693456e-01 -3.55817838619513485e-04 -1.54809907481271295e-06
4.02010050251256301e-01 -3.60962615598901110e-04 -1.45918004831720408e-06
4.22110552763819091e-01 -3.66731977957101283e-04 -1.37984738881314217e-06
4.42211055276381937e-01 -3.73161602215103198e-04 -1.30880197763737508e-06
4.62311557788944727e-01 -3.80296593566507163e-04 -1.24496580813122234e-06
4.82412060301507517e-01 -3.88192306254862818e-04 -1.18743404503962208e-06
5.02512562814070307e-01 -3.96915558743457498e-04 -1.13543864920083583e-06
5.22613065326633208e-01 -4.06546289894505895e-04 -1.08831967027564105e-06
5.42713567839195998e-01 -4.17179735073003983e-04 -1.04550231120112332e-06
5.62814070351758788e-01 -4.28929240442414608e-04 -1.00647792040019297e-06
5.82914572864321578e-01 -4.41929884283492436e-04 -9.70787920343521304e-07
6.03015075376884369e-01 -4.56343143610258726e-04 -9.38009362081571002e-07
6.23115577889447270e-01 -4.72362942728523868e-04 -9.07741256446378479e-07
6.43216080402010060e-01 -4.90223565001086199e-04 -8.79590752154400691e-07
6.63316582914572850e-01 -5.10210127464034643e-04 -8.53157988605890084e-07
6.83417085427135640e-01 -5.32672658265259560e-04 -8.28018277554222097e-07
7.03517587939698541e-01 -5.58045364020845762e-04 -8.03699307953543057e-07
7.23618090452261331e-01 -5.86873586105718771e-04 -7.79650761046264864e-07
7.43718592964824121e-01 -6.19852525159420996e-04 -7.55200427835785779e-07
7.63819095477386911e-01 -6.57884673542791926e-04 -7.29489011168103762e-07
7.83919597989949701e-01 -7.02168326040218671e-04 -7.01367041263343549e-07
8.04020100502512602e-01 -7.54340389541015700e-04 -6.69224585705962272e-07
8.24120603015075393e-01 -8.16719553590683099e-04 -6.30694405172514972e-07
8.44221105527638183e-01 -8.92746204644959867e-04 -5.82103915456024981e-07
8.64321608040200973e-01 -9.87827566475671208e-04 -5.17423042215696365e-07
8.84422110552763874e-01 -1.11100727620462689e-03 -4.47905781225877469e-07
9.04522613065326664e-01 -1.27763822794535985e-03 -4.86614581315166627e-06
9.24623115577889454e-01 -1.50149935856443107e-03 -1.65487802422755029e-04
9.44723618090452244e-01 -1.60847589043735129e-03 -1.25639378835735874e-03
9.64824120603015034e-01 -9.28154042470466208e-04 -2.66227021871344189e-03
9.84924623115577935e-01 7.59422519810786206e-05 -1.64970744480525127e-03
1.00502512562814061e+00 4.35763635794963344e-05 1.70149001242486404e-03
1.02512562814070352e+00 -1.66995417687211154e-03 5.16813719108235453e-03
1.04522613065326642e+00 -4.81032084914942426e-03 6.80259961089133263e-03
1.06532663316582910e+00 -8.62290275239984728e-03 4.79996574351210410e-03
1.08542713567839200e+00 -1.12263776326344718e-02 -2.96941730156418966e-03
1.10552763819095468e+00 -1.06029159784660765e-02 -1.26726531042925562e-02
1.12562814070351758e+00 -7.09097192163983623e-03 -2.14995630914606162e-02
1.14572864321608048e+00 -8.37517938652280547e-04 -2.80467123641812040e-02
1.16582914572864316e+00 6.93550514339687750e-03 -3.08750062397244937e-02
1.18592964824120606e+00 1.52219053017671295e-02 -2.88456379438914098e-02
1.20603015075376874e+00 2.26547080598757146e-02 -2.21629899311147488e-02
1.22613065326633164e+00 2.77872675013554095e-02 -1.23114646386121400e-02
1.24623115577889454e+00 3.02817985158230982e-02 3.31221113160062354e-04
1.26633165829145722e+00 2.93541685935357899e-02 1.20801737292469021e-02
1.28643216080402012e+00 2.59506255300968915e-02 2.13507025050348985e-02
1.30653266331658302e+00 2.15078835545801164e-02 2.72546172420010079e-02
1.32663316582914570e+00 1.68703563688228850e-02 2.89599349605410492e-02
1.34673366834170860e+00 1.46086748778739891e-02 2.81570469095050076e-02
1.36683417085427128e+00 1.57668172965691189e-02 1.39840451454816342e-02
1.38693467336683418e+00 3.08714882341069481e-02 5.20218599370189105e-02
1.40703517587939708e+00 -5.16277234563221939e-03 1.56080379425543231e-01
1.42713567839195976e+00 -6.48747031845571392e-02 1.26946427543300738e-01
1.44723618090452266e+00 -8.43186884971379863e-02 3.14960766838133441e-02
1.46733668341708534e+00 -7.71608071759277564e-02 -2.72598935810695470e-02
1.48743718592964824e+00 -5.33991435065085396e-02 -4.88498253216373135e-02
1.50753768844221114e+00 -3.75528765820249549e-02 -2.28312481883522454e-02
1.52763819095477382e+00 -4.29605625630897561e-02 -5.19897485237787432e-03
1.54773869346733672e+00 -5.14769035338236355e-02 -1.71462098746355054e-02
1.56783919597989940e+00 -4.82862446943550030e-02 -5.65528114961161496e-02
1.58793969849246230e+00 -3.19742915134024058e-02 -9.12525637482456131e-02
1.60804020100502520e+00 -5.24357074035291908e-03 -9.36371919084245108e-02
1.62814070351758788e+00 1.32097029048342269e-02 -5.72159931295936619e-02
1.64824120603015079e+00 7.54991024909697390e-03 -4.52435453909056512e-02
1.66834170854271346e+00 1.84916430988633987e-02 -6.90504971008195773e-02
1.68844221105527637e+00 3.72143070575395377e-02 -6.77792542781755630e-02
1.70854271356783927e+00 4.77556436617196378e-02 -3.83923055059891272e-02
1.72864321608040195e+00 5.11838055502209163e-02 -1.28174400991133142e-02
1.74874371859296485e+00 4.65758058678186274e-02 8.77616321159267222e-03
1.76884422110552775e+00 3.74300803407275340e-02 3.72964067451339587e-02
1.78894472361809043e+00 1.45185052064314493e-02 5.25826973857195373e-02
1.80904522613065333e+00 -6.51830854594409072e-03 2.07346963926803400e-02
1.82914572864321601e+00 -3.58122262381897110e-03 -3.24765335417386766e-02
1.84924623115577891e+00 2.02391978033029489e-02 -5.06487274840142498e-02
1.86934673366834181e+00 2.84563898448909891e-02 3.87824861964204334e-03
1.88944723618090449e+00 2.15542101709534743e-02 -7.28786180605347882e-03
1.90954773869346739e+00 2.73840618898709316e-02 -2.61500093847530091e-02
1.92964824120603007e+00 4.85116940290123144e-02 -3.34780602953913958e-02
1.94974874371859297e+00 6.17033948046206704e-02 -2.91958949136030812e-03
1.96984924623115587e+00 6.43603729996471002e-02 7.59057986137605112e-02
1.98994974874371855e+00 2.13642951863840351e-02 1.18131869024388297e-01
2.01005025125628123e+00 -7.44978630858779498e-03 8.39943821494224807e-02
2.03015075376884413e+00 -2.07462788292089237e-02 4.64931948832734698e-02
2.05025125628140703e+00 -2.09811291065896341e-02 3.24752363873527655e-02
2.07035175879396993e+00 -2.25097003630944613e-02 1.73765154981837255e-02
2.09045226130653283e+00 -1.53798900869532330e-02 6.47547178750871710e-03
2.11055276381909529e+00 -1.29011574471391052e-02 1.52505221414885178e-02
2.13065326633165819e+00 -1.08311856794197411e-02 3.46420165139163447e-02
2.15075376884422109e+00 -3.21439504202919099e-02 6.75901166557975330e-02
2.17085427135678399e+00 -6.11025438475754287e-02 4.75325714409195743e-02
2.19095477386934689e+00 -6.55016778731233457e-02 -4.27605590498287280e-02
2.21105527638190935e+00 -3.48143668821002533e-02 -9.37214440884936995e-02
2.23115577889447225e+00 1.40500155082998136e-03 -7.38145798823201665e-02
2.25125628140703515e+00 1.79635935444850368e-02 -4.21668141977926333e-02
2.27135678391959805e+00 2.25312706949886386e-02 -2.40063091685640342e-02
2.29145728643216096e+00 2.91235605704617470e-02 1.87875176439725004e-02
2.31155778894472341e+00 5.83340121724397129e-03 7.63802935253316273e-02
2.33165829145728631e+00 -2.82076468805718163e-02 6.44692037233647181e-02
2.35175879396984921e+00 -2.97983517350743944e-02 -9.21997638132013124e-03
2.37185929648241212e+00 -1.91468914926534312e-02 4.16194787991662051e-03
2.39195979899497502e+00 -2.58998317587478474e-02 -4.96730672914255482e-03
2.41206030150753747e+00 -2.29523556171926449e-02 -2.64567508736800634e-02
2.43216080402010038e+00 -2.35406791238402663e-02 -3.41064853669552567e-02
2.45226130653266328e+00 -1.39074569620276853e-02 -5.20028398205641534e-02
2.47236180904522618e+00 2.86541996507606324e-04 -4.48999873952918363e-02
2.49246231155778908e+00 1.04946386505819552e-02 -6.18111530340812176e-02
2.51256281407035198e+00 3.49803808245683009e-02 -4.61536241884069193e-02
2.53266331658291444e+00 3.91629169197038329e-02 -6.06113709119913860e-04
2.55276381909547734e+00 2.90672415681429500e-02 1.76886749083954714e-02
2.57286432160804024e+00 1.69351940795684740e-02 3.52725387371109755e-03
2.59296482412060314e+00 1.59844574600151064e-02 -1.36138264131483479e-02
2.61306532663316604e+00 2.16705098892274566e-02 -1.99782053547759020e-02
2.63316582914572850e+00 2.49545318405072873e-02 -6.38600630234307815e-03
2.65326633165829140e+00 3.08195187381756393e-02 -1.81864098818524042e-02
2.67336683417085430e+00 3.90234173917182250e-02 -2.80267608086588130e-03
2.69346733668341720e+00 4.22871220065871162e-02 -2.43527455386449328e-02
2.71356783919598010e+00 5.60464691207897894e-02 6.10603826102079574e-04
2.73366834170854256e+00 2.04313041422068478e-02 2.77533792661542045e-01
2.75376884422110546e+00 -1.51445764460305166e-01 8.97202360667818249e-02
2.77386934673366836e+00 -1.26338996800044127e-02 -2.26901684743405108e-01
2.79396984924623126e+00 5.26141983517359538e-02 3.39840078627300229e-02
2.81407035175879416e+00 3.02664592819377153e-02 1.20885266171319561e-01
2.83417085427135662e+00 1.80258421713057186e-03 8.02252118151362548e-02
2.85427135678391952e+00 -5.29729402030151928e-03 5.26938519146162507e-02
2.87437185929648242e+00 -3.21509003126528234e-02 5.30063554105264859e-02
2.89447236180904532e+00 -4.54048793629754643e-02 1.17114049840238415e-02
2.91457286432160823e+00 -5.51021935075809849e-02 -1.00809171005506620e-03
2.93467336683417068e+00 -7.66288628524920551e-02 5.40042519028045426e-02
2.95477386934673358e+00 -1.53943268277485834e-01 2.28341987488879850e-01
2.97487437185929648e+00 -2.97500456326430351e-01 2.53221452090007848e-01
2.99497487437185939e+00 -2.79199546986033331e-01 -5.66817138347774585e-01
3.01507537688442229e+00 2.26723515199557996e-01 -6.50010582877765808e-01
3.03517587939698474e+00 2.37973150235853720e-01 2.87862807580503643e-01
3.05527638190954764e+00 8.51909805824772465e-02 2.88997639413469176e-01
3.07537688442211055e+00 -2.10801967912455923e-02 2.49124583221035895e-01
3.09547738693467345e+00 -3.34227087907574757e-02 -4.52774911966757676e-01
3.11557788944723635e+00 6.01374361407761238e-01 -2.30913739877505675e+00
3.13567839195979881e+00 1.63643634638766944e+00 5.80057354148171056e-01
3.15577889447236171e+00 -2.48046341242633799e-02 3.18069519342312335e+00
3.17587939698492461e+00 -8.72994759973890533e-01 -7.68765970444705987e-02
3.19597989949748751e+00 -4.96099744055712832e-01 -8.67441924784016050e-01
3.21608040201005041e+00 -1.99531050116297709e-01 -3.69782444195349835e-01
3.23618090452261287e+00 -1.36943721147842090e-01 1.52617610012152655e-01
3.25628140703517577e+00 -2.18839735692273885e-01 4.88561640232470021e-02
3.27638190954773867e+00 -1.85542792126824646e-01 -1.22666078379541396e-01
3.29648241206030157e+00 -1.53907636168051698e-01 -5.05360395344171959e-02
3.31658291457286447e+00 -2.13491984566555937e-01 2.92660235635595123e-01
3.33668341708542693e+00 -4.29706502398698398e-01 4.97026068246702146e-01
3.35678391959798983e+00 -5.16488499666201473e-01 -7.94979777993975900e-01
3.37688442211055273e+00 2.31531002416418524e-01 -7.20492797507515936e-01
3.39698492462311563e+00 2.67113647262310683e-01 2.93309094275298832e-01
3.41708542713567853e+00 -4.58720869089988912e-03 5.57846222913028655e-01
3.43718592964824099e+00 4.09879761811833693e-02 -8.13697680993762495e-01
3.45728643216080389e+00 4.57790011027102761e-01 -2.42681771130945009e-02
3.47738693467336679e+00 1.57487561700888262e-01 5.06343007834897274e-01
3.49748743718592969e+00 3.46331346304872417e-02 6.72816035133281254e-02
3.51758793969849259e+00 2.02600407883815510e-02 -4.36602916902235072e-02
3.53768844221105550e+00 2.80764636969588026e-02 -7.45504145991069955e-02
3.55778894472361795e+00 5.98559539946671368e-02 -4.76856734256369402e-02
3.57788944723618085e+00 5.62102897389787290e-02 1.56162949630079713e-02
3.59798994974874375e+00 4.11374539805569317e-02 3.26837452595185318e-02
3.61809045226130666e+00 2.52368593487521803e-02 1.74589143512095465e-02
3.63819095477386956e+00 2.15101292414638136e-02 2.63487703771848464e-02
3.65829145728643201e+00 6.91453812496315053e-03 4.13562880874055391e-02
3.67839195979899491e+00 1.30439689184660436e-03 -2.24450086148635271e-02
3.69849246231155782e+00 3.35264906035111984e-02 -1.02472929768861881e-03
3.71859296482412072e+00 2.06470597520499732e-02 3.24153323268756843e-02
3.73869346733668362e+00 1.57848780261540707e-02 1.15286488260042484e-02
3.75879396984924607e+00 1.24357895399037303e-02 2.89075817127165298e-02
3.77889447236180898e+00 -9.49448581144873155e-03 1.34988187686326238e-02
3.79899497487437188e+00 -1.73022214666416672e-03 -1.00799443414568615e-02
3.81909547738693478e+00 -6.25330186754313906e-03 1.27682072547642550e-02
3.83919597989949768e+00 -1.02658130830436053e-02 9.10814305086712905e-03
3.85929648241206014e+00 -1.13996398878011499e-02 1.30977385730910866e-03
3.87939698492462304e+00 -8.29801792889481998e-03 7.35410446823483630e-05
3.89949748743718594e+00 -7.94413249646061005e-03 4.49444330539930121e-03
3.91959798994974884e+00 -1.00033620612880042e-02 2.24769241107926950e-03
3.93969849246231174e+00 -8.12638364154919315e-03 -1.25649564213310347e-02
3.95979899497487420e+00 -2.87419815621589971e-03 -1.33971933569277963e-02
3.97989949748743710e+00 -5.95181959741345606e-04 -1.38089141910950289e-02
4.00000000000000000e+00 4.80888983905089582e-03 -1.46777555984035548e-02
