# SHG sigma units=A/V^2 component=yyy
# full-BZ normalized susceptibility/conductivity
# energy_eV total_re total_im
0.00000000000000000e+00 1.73917034442315836e-12 -2.08827484232885124e-09
2.01005025125628144e-02 1.57071794546166592e-12 5.87583986278130387e-09
4.02010050251256287e-02 1.57485382020881165e-12 1.18910811109160856e-08
6.03015075376884396e-02 1.57995993062296360e-12 1.79155634976422586e-08
8.04020100502512575e-02 1.58582274111513710e-12 2.39578834261821369e-08
1.00502512562814075e-01 1.59242479494780754e-12 3.00243513534548919e-08
1.20603015075376879e-01 1.59977110539010091e-12 3.61209366361811175e-08
1.40703517587939697e-01 1.60787305823844671e-12 4.22534162790973841e-08
1.60804020100502515e-01 1.61674538624341967e-12 4.84273681953293767e-08
1.80904522613065333e-01 1.62640542416628022e-12 5.46481302465316946e-08
2.01005025125628151e-01 1.63687291374578826e-12 6.09207420437971460e-08
2.21105527638190968e-01 1.64817002893876574e-12 6.72498711101583605e-08
2.41206030150753759e-01 1.66032144775729300e-12 7.36397212744065903e-08
2.61306532663316604e-01 1.67335449354905560e-12 8.00939195449234659e-08
2.81407035175879394e-01 1.68729930090489307e-12 8.66153764311483322e-08
3.01507537688442184e-01 1.70218900853001438e-12 9.32061132716602023e-08
3.21608040201005030e-01 1.71805997400946297e-12 9.98670483889516983e-08
3.41708542713567820e-01 1.73495204452442519e-12 1.06597731662005141e-07
3.61809045226130666e-01 1.75290882920719304e-12 1.13396014206238589e-07
3.81909547738693456e-01 1.77197803142772889e-12 1.20257636037408727e-07
4.02010050251256301e-01 1.79221181098145647e-12 1.27175709544631124e-07
4.22110552763819091e-01 1.81366721184516688e-12 1.34140069851457550e-07
4.42211055276381937e-01 1.83640661085703746e-12 1.41136454057544328e-07
4.62311557788944727e-01 1.86049826887132616e-12 1.48145459003621600e-07
4.82412060301507517e-01 1.88601692763818262e-12 1.55141210252396171e-07
5.02512562814070307e-01 1.91304449350684410e-12 1.62089651467798584e-07
5.22613065326633208e-01 1.94167083008126813e-12 1.68946330391835233e-07
5.42713567839195998e-01 1.97199464944965693e-12 1.75653510770190874e-07
5.62814070351758788e-01 2.00412453721083004e-12 1.82136372137070137e-07
5.82914572864321578e-01 2.03818014391491226e-12 1.88297960854208478e-07
6.03015075376884369e-01 2.07429354767055647e-12 1.94012409570486171e-07
6.23115577889447270e-01 2.11261083122504453e-12 1.99115721378886402e-07
6.43216080402010060e-01 2.15329393243098536e-12 2.03393074772729448e-07
6.63316582914572850e-01 2.19652280565508732e-12 2.06561070333383150e-07
6.83417085427135640e-01 2.24249795209157042e-12 2.08242477985231775e-07
7.03517587939698541e-01 2.29144345185828159e-12 2.07929617840344242e-07
7.23618090452261331e-01 2.34361055630326799e-12 2.04930079042974287e-07
7.43718592964824121e-01 2.39928207257259107e-12 1.98284205545761969e-07
7.63819095477386911e-01 2.45877775129712791e-12 1.86635967302198741e-07
7.83919597989949701e-01 2.52246106654566277e-12 1.68023966249569502e-07
8.04020100502512602e-01 2.59074808508720962e-12 1.39529711116757447e-07
8.24120603015075393e-01 2.66411963646401238e-12 9.66584849703682101e-08
8.44221105527638183e-01 2.74318070400466410e-12 3.21939695501545336e-08
8.64321608040200973e-01 3.08994154948968747e-12 -6.60216297349340640e-08
8.84422110552763874e-01 2.35859505065145144e-10 -2.19394677063673829e-07
9.04522613065326664e-01 3.04523608353137262e-08 -4.64125042377255798e-07
9.24623115577889454e-01 6.38379680715763044e-07 -8.06318514259215315e-07
9.44723618090452244e-01 2.67944613410477711e-06 -6.85024586232157055e-07
9.64824120603015034e-01 3.79114286875770959e-06 2.82720937470797367e-07
9.84924623115577935e-01 3.69988806469712743e-06 1.20880883953100406e-06
1.00502512562814061e+00 3.48528662870965150e-06 2.00756138493845295e-06
1.02512562814070352e+00 3.28418882584544037e-06 2.76619330686975709e-06
1.04522613065326642e+00 3.05262703846468676e-06 3.56976631776706563e-06
1.06532663316582910e+00 2.09569597757016352e-06 4.44496774152361246e-06
1.08542713567839200e+00 -3.91563402798025685e-07 4.71998527594049262e-06
1.10552763819095468e+00 -1.64933741181753683e-06 4.12010063137179242e-06
1.12562814070351758e+00 -1.67019805046586815e-06 3.61881995797896368e-06
1.14572864321608048e+00 -1.58567519148126085e-06 3.32474371310704397e-06
1.16582914572864316e+00 -1.50566522159144392e-06 3.17444173246539529e-06
1.18592964824120606e+00 -1.43629589688207179e-06 3.11496297696986817e-06
1.20603015075376874e+00 -1.36571859023802981e-06 3.11238791209573445e-06
1.22613065326633164e+00 -1.38298229178532783e-06 3.25926322415040878e-06
1.24623115577889454e+00 -1.24170505633569084e-06 3.37287753179378703e-06
1.26633165829145722e+00 -1.33880533664829136e-06 3.73919168469815381e-06
1.28643216080402012e+00 -1.25615754024081323e-06 4.03169603393561670e-06
1.30653266331658302e+00 -1.46061224986749399e-06 4.63582826857015841e-06
1.32663316582914570e+00 -1.49940064170325322e-06 5.25254938842562655e-06
1.34673366834170860e+00 -1.93422255997447142e-06 6.32966144564601207e-06
1.36683417085427128e+00 -4.41938709793669274e-06 7.41577511062213800e-06
1.38693467336683418e+00 -1.01297130343594827e-05 7.04964902379071529e-06
1.40703517587939708e+00 -1.27787947161048375e-05 4.74502017244645265e-06
1.42713567839195976e+00 -1.37026963199078736e-05 2.75861919969429006e-06
1.44723618090452266e+00 -1.42058466072215785e-05 2.49103458940732550e-07
1.46733668341708534e+00 -1.24411290159005748e-05 -1.62539081160753475e-06
1.48743718592964824e+00 -1.17766557815127521e-05 -2.89544278935651992e-06
1.50753768844221114e+00 -1.16127138801460168e-05 -4.26916789828227113e-06
1.52763819095477382e+00 -9.99931296368597793e-06 -5.78769026816713097e-06
1.54773869346733672e+00 -7.57641424418775714e-06 -6.33411496988656189e-06
1.56783919597989940e+00 -6.61746110257849078e-06 -6.56339905078282559e-06
1.58793969849246230e+00 -5.51822768407139980e-06 -6.70584090829449639e-06
1.60804020100502520e+00 -5.15598630418947082e-06 -6.77292766256345453e-06
1.62814070351758788e+00 -4.29439169817763898e-06 -7.01257810896400840e-06
1.64824120603015079e+00 -3.85678272095878207e-06 -6.96523899169914811e-06
1.66834170854271346e+00 -4.11354913432770542e-06 -7.37702796210685178e-06
1.68844221105527637e+00 -3.11627745895612433e-06 -7.96398800560776214e-06
1.70854271356783927e+00 -1.39267276729643000e-06 -8.12897462974209466e-06
1.72864321608040195e+00 6.54425769795392970e-08 -8.08962473615625340e-06
1.74874371859296485e+00 2.43602965660649725e-06 -7.38727920584556360e-06
1.76884422110552775e+00 3.22868729475754176e-06 -6.19241401445059570e-06
1.78894472361809043e+00 3.53989541743326411e-06 -5.12340739949105908e-06
1.80904522613065333e+00 3.46597292708541616e-06 -4.03608888003000243e-06
1.82914572864321601e+00 3.05027121895190731e-06 -3.12323719925149336e-06
1.84924623115577891e+00 2.36289440572944719e-06 -2.32860647438265689e-06
1.86934673366834181e+00 1.11960066202192938e-06 -1.75222899781340106e-06
1.88944723618090449e+00 1.37877744506486775e-07 -1.54927141962705099e-06
1.90954773869346739e+00 -6.73949258727190257e-07 -1.28335061759724926e-06
1.92964824120603007e+00 -1.90345758405943709e-06 -1.18950425496232491e-06
1.94974874371859297e+00 -4.06714991251794476e-06 -1.42608268247574586e-06
1.96984924623115587e+00 -6.71218170799954515e-06 -2.73041445505272332e-06
1.98994974874371855e+00 -7.11493493504402755e-06 -4.69877033406669958e-06
2.01005025125628123e+00 -6.70094086364646759e-06 -6.40066054484453970e-06
2.03015075376884413e+00 -5.92243879062420794e-06 -8.04543609635501835e-06
2.05025125628140703e+00 -4.85410015507437507e-06 -9.50733710795231538e-06
2.07035175879396993e+00 -4.15210696748228615e-06 -1.09687018119304890e-05
2.09045226130653283e+00 -2.88574019058114936e-06 -1.28457847226778544e-05
2.11055276381909529e+00 9.21610500014367021e-07 -1.45929458131967189e-05
2.13065326633165819e+00 9.71663800712147361e-06 -1.48248121717128775e-05
2.15075376884422109e+00 1.85415373488136664e-05 -1.09128143486736283e-05
2.17085427135678399e+00 1.91670335645253771e-05 -5.74877283929673276e-06
2.19095477386934689e+00 1.65955440774116397e-05 -1.91583433928648231e-06
2.21105527638190935e+00 1.25784057764661581e-05 4.56019826090951202e-07
2.23115577889447225e+00 1.04511491097702265e-05 1.39506077789208463e-06
2.25125628140703515e+00 9.43297493793719894e-06 2.49956804683336532e-06
2.27135678391959805e+00 7.75650687362003323e-06 3.67893941753425522e-06
2.29145728643216096e+00 3.67951262054685180e-06 4.16637729389107203e-06
2.31155778894472341e+00 2.03930812601825228e-07 3.15988028162285293e-06
2.33165829145728631e+00 -2.00503358708746615e-06 1.14052766125674309e-06
2.35175879396984921e+00 9.87023046543130223e-07 -6.21778240537816021e-07
2.37185929648241212e+00 7.79711669299389094e-06 4.52741194452129465e-07
2.39195979899497502e+00 3.15087387450140885e-06 3.47914177160226698e-06
2.41206030150753747e+00 -7.07425070097930653e-07 1.81511921287428244e-06
2.43216080402010038e+00 2.85430100310398629e-06 2.40812942428824857e-06
2.45226130653266328e+00 9.62275051983181958e-07 2.94748273766016869e-06
2.47236180904522618e+00 -1.20712476877199251e-06 2.73808336995808173e-06
2.49246231155778908e+00 -6.55937368865050488e-06 7.63739174229479334e-07
2.51256281407035198e+00 -2.82348122092587055e-07 -2.59811345251316712e-06
2.53266331658291444e+00 1.31230849068402252e-06 -1.60993633205448763e-06
2.55276381909547734e+00 1.13250123327738390e-06 -2.60251951085251358e-06
2.57286432160804024e+00 1.57758171891299257e-06 -2.41496417788192491e-06
2.59296482412060314e+00 4.17523180645568322e-06 -2.40015678216260496e-06
2.61306532663316604e+00 4.72831404293728263e-06 -9.12635704469703042e-07
2.63316582914572850e+00 3.55802639031225391e-06 -1.84732860072151205e-08
2.65326633165829140e+00 1.00333359491167415e-06 -8.07515478563029075e-08
2.67336683417085430e+00 3.62116602432436676e-06 -3.49531379811230671e-07
2.69346733668341720e+00 4.77940107620485197e-06 1.01342548871645015e-06
2.71356783919598010e+00 3.08753703686448836e-06 2.11184489023219994e-06
2.73366834170854256e+00 -6.19696643918059911e-07 1.99084344694780563e-06
2.75376884422110546e+00 -1.40609486669992829e-06 1.03647989497209298e-06
2.77386934673366836e+00 -4.83583472660423467e-06 2.81890725383464231e-07
2.79396984924623126e+00 -8.48961960160453700e-06 -2.63848787102039567e-06
2.81407035175879416e+00 -5.12738236757483247e-06 -5.55170597843132274e-06
2.83417085427135662e+00 4.21528253710828022e-06 -5.18050710979650156e-06
2.85427135678391952e+00 2.30935709095733427e-06 -2.61336570941751467e-06
2.87437185929648242e+00 1.02470149616541096e-06 -3.22714013511294421e-06
2.89447236180904532e+00 3.54687062396169890e-06 -2.79810687572803795e-06
2.91457286432160823e+00 3.02068848859135891e-06 -2.60338234266691947e-06
2.93467336683417068e+00 5.02326698825296378e-06 -2.09099084565521059e-06
2.95477386934673358e+00 7.21753726680600628e-06 -7.20794988094171137e-08
2.97487437185929648e+00 4.69002537069647486e-06 2.06734963832601616e-06
2.99497487437185939e+00 -8.75145752203516706e-08 2.03328758662898776e-06
3.01507537688442229e+00 -1.87362083965495345e-06 4.21524040082665541e-08
3.03517587939698474e+00 4.42524096954737107e-07 -1.32980867738096936e-06
3.05527638190954764e+00 1.72192831071827544e-06 -1.72090476003324564e-06
3.07537688442211055e+00 1.93794440286209280e-06 -1.88426778067848453e-06
3.09547738693467345e+00 3.69275742744681779e-06 -1.56885068388394438e-06
3.11557788944723635e+00 3.55995169142288120e-06 -5.44466397197853355e-07
3.13567839195979881e+00 1.72718232744112937e-06 -2.88417589095479380e-07
3.15577889447236171e+00 1.28760046565254789e-07 -6.05986560145521270e-07
3.17587939698492461e+00 9.59946226320569874e-07 -1.58696778763573989e-06
3.19597989949748751e+00 2.77377720834780352e-06 -1.46332957292333616e-06
3.21608040201005041e+00 3.02821278592147505e-06 -1.11327352205262264e-06
3.23618090452261287e+00 3.43659776365669309e-06 -9.89169162228458272e-07
3.25628140703517577e+00 3.81811962694166322e-06 -7.11876360264864261e-07
3.27638190954773867e+00 4.81180386640643063e-06 -3.93721201410988403e-07
3.29648241206030157e+00 5.10773614397643307e-06 7.01850149997879999e-07
3.31658291457286447e+00 3.39206137753609146e-06 1.18848583542554290e-06
3.33668341708542693e+00 2.70796303626816757e-06 1.13327492666753492e-06
3.35678391959798983e+00 1.21932251183342403e-06 9.54854069215522339e-07
3.37688442211055273e+00 1.16448562049816312e-06 4.23275711978799254e-08
3.39698492462311563e+00 2.02713934811712268e-06 -3.30583790296057361e-07
3.41708542713567853e+00 2.31775552711797115e-06 -2.16277953770246090e-07
3.43718592964824099e+00 1.90876575886582514e-06 -1.75871271196166667e-07
3.45728643216080389e+00 1.16210508788849731e-06 -3.88280204352457747e-07
3.47738693467336679e+00 1.82845988633641408e-06 -4.65350416736564599e-07
3.49748743718592969e+00 2.70798428826797107e-06 -4.93356467270726302e-07
3.51758793969849259e+00 3.28171571254612289e-06 9.55028400564676833e-08
3.53768844221105550e+00 2.59451853410549160e-06 6.56862325315136289e-08
3.55778894472361795e+00 4.11802675590607788e-06 -3.06499310182946818e-08
3.57788944723618085e+00 4.51465687915455653e-06 4.95280089055237378e-07
3.59798994974874375e+00 3.97753604880491247e-06 7.33050072236609190e-07
3.61809045226130666e+00 4.00237070320121027e-06 7.98141664228714645e-07
3.63819095477386956e+00 3.74896858520926530e-06 1.01783624813607903e-06
3.65829145728643201e+00 3.63050629844676836e-06 1.06363698698712032e-06
3.67839195979899491e+00 3.61045179975416145e-06 1.14522893074597533e-06
3.69849246231155782e+00 3.82774293126335926e-06 1.30126824718334224e-06
3.71859296482412072e+00 3.96438301696175076e-06 1.57422390624152658e-06
3.73869346733668362e+00 3.76951523683250832e-06 1.90274709282703424e-06
3.75879396984924607e+00 3.42935368641137898e-06 2.09916924479608135e-06
3.77889447236180898e+00 3.25943362859928395e-06 2.30274648742662822e-06
3.79899497487437188e+00 2.89879438609869994e-06 2.46076325413800763e-06
3.81909547738693478e+00 2.55836178875438810e-06 2.53729968493617465e-06
3.83919597989949768e+00 2.21515349514881983e-06 2.55385383230968800e-06
3.85929648241206014e+00 1.95585800958225958e-06 2.51669232894938808e-06
3.87939698492462304e+00 1.87481504723103764e-06 2.43656664193661399e-06
3.89949748743718594e+00 1.97725169661450272e-06 2.41046916072332673e-06
3.91959798994974884e+00 2.07675871510923339e-06 2.46346357398588420e-06
3.93969849246231174e+00 2.28753300902339199e-06 2.57788794222025145e-06
3.95979899497487420e+00 2.25579223007368387e-06 2.84796434785241292e-06
3.97989949748743710e+00 1.80293138073252790e-06 3.03903029551515605e-06
4.00000000000000000e+00 1.24054496746947964e-06 3.08355110145823124e-06
