# SHG chi units=pm/V component=zyz
# full-BZ normalized susceptibility/conductivity
# energy_eV total_re total_im
0.00000000000000000e+00 -1.12271881975676911e+03 -7.58124623136108764e-06
2.01005025125628144e-02 -1.12286836241321748e+03 -2.02752834377875057e-02
4.02010050251256287e-02 -1.12331916045273329e+03 -1.01680878780837491e-02
6.03015075376884396e-02 -1.12407263343231830e+03 -6.79233510385671146e-03
8.04020100502512575e-02 -1.12512996957999462e+03 -5.10598577812915091e-03
1.00502512562814075e-01 -1.12649294748954003e+03 -4.09606641900015118e-03
1.20603015075376879e-01 -1.12816388547050201e+03 -3.42452003548927722e-03
1.40703517587939697e-01 -1.13014564422653984e+03 -2.94639496552776643e-03
1.60804020100502515e-01 -1.13244163861902894e+03 -2.58919970106555319e-03
1.80904522613065333e-01 -1.13505585369595337e+03 -2.31265843877449893e-03
2.01005025125628151e-01 -1.13799286416217933e+03 -2.09260677688452362e-03
2.21105527638190968e-01 -1.14125785722338037e+03 -1.91366973820455803e-03
2.41206030150753759e-01 -1.14485665895405668e+03 -1.76560020167944613e-03
2.61306532663316604e-01 -1.14879576443752694e+03 -1.64130707078248323e-03
2.81407035175879394e-01 -1.15308237199276618e+03 -1.53572844626229501e-03
3.01507537688442184e-01 -1.15772442186434341e+03 -1.44515550809834080e-03
3.21608040201005030e-01 -1.16273063981623136e+03 -1.36680995314812995e-03
3.41708542713567820e-01 -1.16811058614201011e+03 -1.29857059059805590e-03
3.61809045226130666e-01 -1.17387471068571313e+03 -1.23879110137223953e-03
3.81909547738693456e-01 -1.18003441456192513e+03 -1.18617537691312965e-03
4.02010050251256301e-01 -1.18660211937342478e+03 -1.13969029394359067e-03
4.22110552763819091e-01 -1.19359134485295067e+03 -1.09850345446987105e-03
4.42211055276381937e-01 -1.20101679600645457e+03 -1.06193794635336546e-03
4.62311557788944727e-01 -1.20889446101322596e+03 -1.02943896163896912e-03
4.82412060301507517e-01 -1.21724172134938749e+03 -1.00054881336414424e-03
5.02512562814070307e-01 -1.22607747585271136e+03 -9.74888013953709208e-04
5.22613065326633208e-01 -1.23542228074759146e+03 -9.52140792731936167e-04
5.42713567839195998e-01 -1.24529850801059069e+03 -9.32043908071648278e-04
5.62814070351758788e-01 -1.25573052489368774e+03 -9.14377958342281255e-04
5.82914572864321578e-01 -1.26674489795217937e+03 -8.98960590256800006e-04
6.03015075376884369e-01 -1.27837062557051945e+03 -8.85641190479461360e-04
6.23115577889447270e-01 -1.29063940377166819e+03 -8.74296748857884875e-04
6.43216080402010060e-01 -1.30358593107247953e+03 -8.64828662206759040e-04
6.63316582914572850e-01 -1.31724825935889726e+03 -8.57160318097685060e-04
6.83417085427135640e-01 -1.33166819926577091e+03 -8.51235331906188180e-04
7.03517587939698541e-01 -1.34689179044256525e+03 -8.47016367577098231e-04
7.23618090452261331e-01 -1.36296984948147201e+03 -8.44484476105255427e-04
7.43718592964824121e-01 -1.37995861132818504e+03 -8.43638929544885036e-04
7.63819095477386911e-01 -1.39792048388507237e+03 -8.44497536021192210e-04
7.83919597989949701e-01 -1.41692494050757455e+03 -8.47097417011438507e-04
8.04020100502512602e-01 -1.43704958150593438e+03 -8.51496200493850235e-04
8.24120603015075393e-01 -1.45838140395324399e+03 -8.57773479438068173e-04
8.44221105527638183e-01 -1.48101832936193159e+03 -8.66032046745470428e-04
8.64321608040200973e-01 -1.50507105119498169e+03 -8.76394033528554131e-04
8.84422110552763874e-01 -1.53066528027577010e+03 -8.85752993699331437e-04
9.04522613065326664e-01 -1.55794452452997348e+03 -4.74017504157404543e-04
9.24623115577889454e-01 -1.58707431214124449e+03 8.22094584569216420e-03
9.44723618090452244e-01 -1.61825451733963655e+03 3.84174968731282526e-02
9.64824120603015034e-01 -1.65171545185004334e+03 5.74038894936052951e-02
9.84924623115577935e-01 -1.68770901206852091e+03 6.07524393905004498e-02
1.00502512562814061e+00 -1.72654929383345984e+03 6.50282207470721796e-02
1.02512562814070352e+00 -1.76861887465321342e+03 7.31434852544938369e-02
1.04522613065326642e+00 -1.81438645089173679e+03 7.70839598436852680e-02
1.06532663316582910e+00 -1.86442182964569224e+03 -6.71980475943833727e-02
1.08542713567839200e+00 -1.91930024669730233e+03 -5.58547509180842838e-01
1.10552763819095468e+00 -1.97987560752983063e+03 -8.34791884997731826e-01
1.12562814070351758e+00 -2.04759569838147627e+03 -8.54607204771901885e-01
1.14572864321608048e+00 -2.12423426932939947e+03 -8.56852586189805310e-01
1.16582914572864316e+00 -2.21233465087707236e+03 -1.73286981276820584e+00
1.18592964824120606e+00 -2.31427028986363939e+03 -1.34741323147899923e+01
1.20603015075376874e+00 -2.42455873486697465e+03 -5.10095438869003956e+01
1.22613065326633164e+00 -2.53627129602317837e+03 -1.10065516051262748e+02
1.24623115577889454e+00 -2.64841065554191755e+03 -1.59267879470268667e+02
1.26633165829145722e+00 -2.77976118818744953e+03 -1.92861469932971318e+02
1.28643216080402012e+00 -2.93920417106116474e+03 -2.34161720005522795e+02
1.30653266331658302e+00 -3.13296297104568566e+03 -2.88542144373662495e+02
1.32663316582914570e+00 -3.37715774739268500e+03 -3.51873707263318408e+02
1.34673366834170860e+00 -3.70324697845436913e+03 -4.36812878346323998e+02
1.36683417085427128e+00 -4.13353595873128506e+03 -8.86282851700063816e+02
1.38693467336683418e+00 -4.31387832162372251e+03 -2.69939503064309747e+03
1.40703517587939708e+00 -3.62019738910611386e+03 -4.08394735094700263e+03
1.42713567839195976e+00 -2.92323825388407613e+03 -4.32370518582114528e+03
1.44723618090452266e+00 -2.17196228039899916e+03 -4.45103872169002079e+03
1.46733668341708534e+00 -1.57282177950780942e+03 -3.84083198410355635e+03
1.48743718592964824e+00 -1.28189397340608662e+03 -3.26935557902260234e+03
1.50753768844221114e+00 -1.12492473053832600e+03 -2.94676472914731357e+03
1.52763819095477382e+00 -1.01121184866538113e+03 -2.76808901276404822e+03
1.54773869346733672e+00 -8.90712820768083589e+02 -2.64048907217956639e+03
1.56783919597989940e+00 -7.42877780347607427e+02 -2.49927590215273267e+03
1.58793969849246230e+00 -6.18216508548182560e+02 -1.89580943923174277e+03
1.60804020100502520e+00 -9.06367601464259565e+02 -9.91842127597970261e+02
1.62814070351758788e+00 -1.36543355606573232e+03 -1.06255602282837981e+03
1.64824120603015079e+00 -1.60860694886786723e+03 -1.54233833608031182e+03
1.66834170854271346e+00 -1.68750596729814015e+03 -1.87760858269808864e+03
1.68844221105527637e+00 -1.67596811270554326e+03 -2.15639510215052587e+03
1.70854271356783927e+00 -1.59719927372187749e+03 -2.37626083996919260e+03
1.72864321608040195e+00 -1.49683915959100523e+03 -2.34510579748245482e+03
1.74874371859296485e+00 -1.48573852661419755e+03 -2.24608151456886435e+03
1.76884422110552775e+00 -1.53504590465656361e+03 -2.35113911865113732e+03
1.78894472361809043e+00 -1.46189674383589863e+03 -2.82399706522494853e+03
1.80904522613065333e+00 -1.17786754415097676e+03 -2.84661680928186252e+03
1.82914572864321601e+00 -1.11241857687695892e+03 -2.39073654395364292e+03
1.84924623115577891e+00 -1.20781171289434087e+03 -2.35812615924710462e+03
1.86934673366834181e+00 -1.29722071149797262e+03 -2.70051412211291790e+03
1.88944723618090449e+00 -1.25692037094889224e+03 -3.23163122118949877e+03
1.90954773869346739e+00 -1.05949342333720847e+03 -3.68140629171232285e+03
1.92964824120603007e+00 -7.95934533066973700e+02 -3.89278633413866919e+03
1.94974874371859297e+00 -5.13987413057896333e+02 -3.93162043283449020e+03
1.96984924623115587e+00 -2.02663878108026495e+02 -3.89606008429211306e+03
1.98994974874371855e+00 7.76580901107960671e+01 -3.50321533346642127e+03
2.01005025125628123e+00 1.51492181685864153e+02 -2.98942336943651435e+03
2.03015075376884413e+00 1.05388588807908988e+02 -3.01313283937142160e+03
2.05025125628140703e+00 3.23165193113106682e+02 -3.58845153148703139e+03
2.07035175879396993e+00 8.70174572186977684e+02 -2.99878389762720099e+03
2.09045226130653283e+00 5.06684563165651525e+02 -6.02277883079737421e+02
2.11055276381909529e+00 -6.18724126442244483e+02 -5.37456916213135287e+02
2.13065326633165819e+00 -1.16859926155932294e+03 -2.18614091685478343e+03
2.15075376884422109e+00 -1.11144284857841285e+03 -3.41688979389369797e+03
2.17085427135678399e+00 -8.06557368861495092e+02 -3.06034600752638335e+03
2.19095477386934689e+00 -1.20106895203023646e+03 -3.05696862603374984e+03
2.21105527638190935e+00 -6.66620798602454101e+02 -5.20406928099434208e+03
2.23115577889447225e+00 3.39801739701189490e+02 -4.88553985590082630e+03
2.25125628140703515e+00 7.16908533114558850e+02 -3.61443631329950085e+03
2.27135678391959805e+00 8.06102959385502686e+02 -3.56585152191333646e+03
2.29145728643216096e+00 9.68175269906603944e+02 -3.66484111504339444e+03
2.31155778894472341e+00 1.09117174200510749e+03 -3.74689975850987139e+03
2.33165829145728631e+00 1.42278389961080870e+03 -3.59799550850966534e+03
2.35175879396984921e+00 1.54252232709851091e+03 -3.01283901214892967e+03
2.37185929648241212e+00 1.47551318086882520e+03 -2.53275339911906667e+03
2.39195979899497502e+00 1.41187307823537003e+03 -2.49222311971246290e+03
2.41206030150753747e+00 1.37656095031757945e+03 -2.17604461402149263e+03
2.43216080402010038e+00 1.25762147534696123e+03 -2.12806548081197980e+03
2.45226130653266328e+00 1.22033409534638599e+03 -1.92963080135126074e+03
2.47236180904522618e+00 1.05672569800233896e+03 -1.61928710556541637e+03
2.49246231155778908e+00 6.44317293463368514e+02 -4.83832976875808185e+02
2.51256281407035198e+00 -4.72419376509304584e+02 -5.60664351054983058e+02
2.53266331658291444e+00 -1.05388623056322012e+03 -2.09258008702715506e+03
2.55276381909547734e+00 -1.26246857471595808e+03 -3.45556768524366998e+03
2.57286432160804024e+00 -9.13530135937551563e+02 -5.42754767745120353e+03
2.59296482412060314e+00 2.32056044063835913e+02 -6.52678353434489600e+03
2.61306532663316604e+00 1.08339508224533711e+03 -5.61751696529418405e+03
2.63316582914572850e+00 1.51617560690466894e+03 -5.35477448072428524e+03
2.65326633165829140e+00 1.89141287519773118e+03 -5.37275593994643259e+03
2.67336683417085430e+00 2.30293421584806038e+03 -5.71934262534397112e+03
2.69346733668341720e+00 2.83738226395770698e+03 -6.24598701924654142e+03
2.71356783919598010e+00 3.35832436374034751e+03 -5.89245511079769676e+03
2.73366834170854256e+00 3.45355343704065763e+03 -5.34995985427318010e+03
2.75376884422110546e+00 3.17430905058653525e+03 -6.84505073403172992e+03
2.77386934673366836e+00 4.25446611988639415e+03 -1.19259732422685756e+04
2.79396984924623126e+00 7.61618207883964169e+03 -1.03823812489398297e+04
2.81407035175879416e+00 8.07597174284326411e+03 -2.34135594134187204e+03
2.83417085427135662e+00 7.08941704633220979e+03 -4.16567473724494721e+03
2.85427135678391952e+00 1.12810168035982915e+04 -7.19010116704096708e+03
2.87437185929648242e+00 1.22599523169119511e+04 7.26771558910715521e+03
2.89447236180904532e+00 9.79501998837814244e+03 8.63070864494537818e+03
2.91457286432160823e+00 8.47343111381679410e+03 7.39273728159814982e+03
2.93467336683417068e+00 7.46080372399707812e+03 7.63145830596852556e+03
2.95477386934673358e+00 6.57526422593780262e+03 7.59472650434154639e+03
2.97487437185929648e+00 5.76476296649794222e+03 6.31885778196899264e+03
2.99497487437185939e+00 6.12403940724699260e+03 5.09452370277003774e+03
3.01507537688442229e+00 5.72487232934557051e+03 9.71642112355975769e+03
3.03517587939698474e+00 2.33963536583658060e+03 1.43026777154352985e+04
3.05527638190954764e+00 -6.51149977682332661e+01 1.32668492199004049e+04
3.07537688442211055e+00 -3.71690074074047652e+03 1.47283274508967370e+04
3.09547738693467345e+00 -5.98527187192773272e+03 1.01457627062557913e+04
3.11557788944723635e+00 -6.49367403194665258e+03 6.50860013708806036e+03
3.13567839195979881e+00 -6.82643309148600565e+03 4.02657650138029521e+03
3.15577889447236171e+00 -6.83822547157634199e+03 1.91064910201723910e+03
3.17587939698492461e+00 -6.71411792180510020e+03 6.15128143294514985e+02
3.19597989949748751e+00 -6.65428841483830729e+03 -5.87849705695743410e+02
3.21608040201005041e+00 -6.51776832591234142e+03 -2.07890877815259137e+03
3.23618090452261287e+00 -6.13822084576806628e+03 -4.06411940350829991e+03
3.25628140703517577e+00 -5.10252645511303763e+03 -6.62422226348917229e+03
3.27638190954773867e+00 -3.26220587369574196e+03 -7.90880652616482621e+03
3.29648241206030157e+00 -1.59347079623777427e+03 -7.04807521727140374e+03
3.31658291457286447e+00 -6.51934579371739687e+02 -5.89146400040857770e+03
3.33668341708542693e+00 -6.85821699243742273e+01 -5.14364354734365315e+03
3.35678391959798983e+00 2.98517414248555156e+02 -4.69636539689288020e+03
3.37688442211055273e+00 6.71719958934593024e+02 -4.73146732378610250e+03
3.39698492462311563e+00 1.20907138066156313e+03 -4.49484054419114182e+03
3.41708542713567853e+00 1.54549946277709455e+03 -4.00125578854621608e+03
3.43718592964824099e+00 1.87781564436388157e+03 -3.92500219591464020e+03
3.45728643216080389e+00 2.30959827708511875e+03 -3.51524297215034539e+03
3.47738693467336679e+00 2.53942710885682254e+03 -2.70364096682150875e+03
3.49748743718592969e+00 2.61071850416028610e+03 -2.15728685645186670e+03
3.51758793969849259e+00 2.63724128161000226e+03 -1.69416896224816037e+03
3.53768844221105550e+00 2.55390608630675524e+03 -1.28344426454639461e+03
3.55778894472361795e+00 2.45291952398912736e+03 -1.17545715523466106e+03
3.57788944723618085e+00 2.38438985730892273e+03 -1.04721406503569551e+03
3.59798994974874375e+00 2.31117126747969542e+03 -9.78208506633605452e+02
3.61809045226130666e+00 2.29086040430846742e+03 -9.28984694120204495e+02
3.63819095477386956e+00 2.27459919604419520e+03 -7.17050122712948792e+02
3.65829145728643201e+00 2.19989894795794316e+03 -6.08015809740338455e+02
3.67839195979899491e+00 2.20622263308636911e+03 -6.08155848365095267e+02
3.69849246231155782e+00 2.21055440400902944e+03 -4.18787579111217667e+02
3.71859296482412072e+00 2.15130635814806510e+03 -2.52506720576931968e+02
3.73869346733668362e+00 2.06974125903085633e+03 -1.88670109222835436e+02
3.75879396984924607e+00 2.01653056033718713e+03 -2.13172239558924048e+02
3.77889447236180898e+00 2.00585682898518644e+03 -2.52212441790219259e+02
3.79899497487437188e+00 2.01622968548484323e+03 -1.92426906140374257e+02
3.81909547738693478e+00 2.00016798283825324e+03 -1.15044158469913882e+02
3.83919597989949768e+00 1.97795538563977266e+03 -5.70972585268037491e+01
3.85929648241206014e+00 1.95297120097348056e+03 -1.37469528946830657e+01
3.87939698492462304e+00 1.93231163073085077e+03 6.44991930962801234e+01
3.89949748743718594e+00 1.89979653338514731e+03 1.31921793153789480e+02
3.91959798994974884e+00 1.87117841514778866e+03 2.12961656880723297e+02
3.93969849246231174e+00 1.82887488870725679e+03 2.74996008161433053e+02
3.95979899497487420e+00 1.78970347617853281e+03 3.01302920153283253e+02
3.97989949748743710e+00 1.75460957433612475e+03 2.93960128072966711e+02
4.00000000000000000e+00 1.74759628374899125e+03 2.82568333805365228e+02
