# SHG sigma units=A/V^2 component=yzz
# full-BZ normalized susceptibility/conductivity
# energy_eV total_re total_im
0.00000000000000000e+00 5.21778375734509742e-12 -8.30089791417416419e-11
2.01005025125628144e-02 5.69712260254733112e-12 6.06991351314992113e-07
4.02010050251256287e-02 5.70634273758158843e-12 1.21480141483415005e-06
6.03015075376884396e-02 5.72317182390456122e-12 1.82408304573093591e-06
8.04020100502512575e-02 5.74827527737430231e-12 2.43557920556962275e-06
1.00502512562814075e-01 5.78180559714650342e-12 3.05004356859165430e-06
1.20603015075376879e-01 5.82388627106985893e-12 3.66824426650287472e-06
1.40703517587939697e-01 5.87465760744259650e-12 4.29096781043171998e-06
1.60804020100502515e-01 5.93428625369299551e-12 4.91902324197921473e-06
1.80904522613065333e-01 6.00296880096301749e-12 5.55324657093137519e-06
2.01005025125628151e-01 6.08093400600532267e-12 6.19450556446905213e-06
2.21105527638190968e-01 6.16844480433940672e-12 6.84370496190077624e-06
2.41206030150753759e-01 6.26580044290851485e-12 7.50179220047479287e-06
2.61306532663316604e-01 6.37333884193667623e-12 8.16976375223232496e-06
2.81407035175879394e-01 6.49143928108167545e-12 8.84867218985009783e-06
3.01507537688442184e-01 6.62052544901570199e-12 9.53963412190744218e-06
3.21608040201005030e-01 6.76106892403022784e-12 1.02438391662140275e-05
3.41708542713567820e-01 6.91359312688337637e-12 1.09625601653582984e-05
3.61809045226130666e-01 7.07867784615390323e-12 1.16971648936261429e-05
3.81909547738693456e-01 7.25696438304861106e-12 1.24491295617808872e-05
4.02010050251256301e-01 7.44916141666577138e-12 1.32200544998031474e-05
4.22110552763819091e-01 7.65605171964779294e-12 1.40116824929259913e-05
4.42211055276381937e-01 7.87849983841973428e-12 1.48259203705939054e-05
4.62311557788944727e-01 8.11746088090653701e-12 1.56648646117206092e-05
4.82412060301507517e-01 8.37399066259970952e-12 1.65308319475554691e-05
5.02512562814070307e-01 8.64925737853751942e-12 1.74263962367452128e-05
5.22613065326633208e-01 8.94455513001028348e-12 1.83544332865905707e-05
5.42713567839195998e-01 9.26131964156392397e-12 1.93181758455576419e-05
5.62814070351758788e-01 9.60114662928955167e-12 2.03212817631693564e-05
5.82914572864321578e-01 9.96581332366167814e-12 2.13679194089820230e-05
6.03015075376884369e-01 1.03573039371074303e-11 2.24628760252985828e-05
6.23115577889447270e-01 1.07778398892687831e-11 2.36116970177145842e-05
6.43216080402010060e-01 1.12299160193311782e-11 2.48208676853614673e-05
6.63316582914572850e-01 1.17163443158728631e-11 2.60980542628585225e-05
6.83417085427135640e-01 1.22403073030149288e-11 2.74524295963804154e-05
7.03517587939698541e-01 1.28054238816484638e-11 2.88951224428589223e-05
7.23618090452261331e-01 1.34158317448381102e-11 3.04398521699358581e-05
7.43718592964824121e-01 1.40762922410981489e-11 3.21038499555899128e-05
7.63819095477386911e-01 1.47923263633638736e-11 3.39092380833935187e-05
7.83919597989949701e-01 1.55703956843586188e-11 3.58851708328612436e-05
8.04020100502512602e-01 1.64181503590588944e-11 3.80712990885621462e-05
8.24120603015075393e-01 1.73447827452450442e-11 4.05236531879808813e-05
8.44221105527638183e-01 1.83612336119491116e-11 4.33251813439225066e-05
8.64321608040200973e-01 1.74361761115583105e-11 4.66056316540320429e-05
8.84422110552763874e-01 -1.80642873120888545e-09 5.05794704672795256e-05
9.04522613065326664e-01 -2.39715966197837895e-07 5.55964462294746841e-05
9.24623115577889454e-01 -5.06379887284106120e-06 6.17979096242490160e-05
9.44723618090452244e-01 -2.16158169672506743e-05 6.48470486765996817e-05
9.64824120603015034e-01 -3.16928801690814522e-05 6.15093703575283199e-05
9.84924623115577935e-01 -3.25399755616016567e-05 5.86885789644162289e-05
1.00502512562814061e+00 -3.23247337402744148e-05 5.73369833993124837e-05
1.02512562814070352e+00 -3.21229231819949423e-05 5.71804586931327232e-05
1.04522613065326642e+00 -3.20943869164565238e-05 5.81437125843338269e-05
1.06532663316582910e+00 -3.47119282739084378e-05 6.00755632070369057e-05
1.08542713567839200e+00 -4.30984773879673050e-05 6.04253743689825762e-05
1.10552763819095468e+00 -4.77137766878925308e-05 5.80459637515216324e-05
1.12562814070351758e+00 -4.81091086501499694e-05 5.63448368465635163e-05
1.14572864321608048e+00 -4.79623972668457752e-05 5.54074203881222487e-05
1.16582914572864316e+00 -4.80807094755130411e-05 5.50856605897027970e-05
1.18592964824120606e+00 -4.84008787270124978e-05 5.56331201807914194e-05
1.20603015075376874e+00 -4.87303135954761276e-05 5.62715886305581792e-05
1.22613065326633164e+00 -4.95613254190987472e-05 5.77600867872108705e-05
1.24623115577889454e+00 -4.97678636821537765e-05 5.94633008208951406e-05
1.26633165829145722e+00 -5.15885408617887341e-05 6.19484222721024410e-05
1.28643216080402012e+00 -5.00846983173776071e-05 6.47514053774865333e-05
1.30653266331658302e+00 -4.86709184870749980e-05 7.09049364968515269e-05
1.32663316582914570e+00 -4.88058894458513599e-05 7.91386175071981125e-05
1.34673366834170860e+00 -5.92788555974505383e-05 9.10043797686717083e-05
1.36683417085427128e+00 -8.89470433940823548e-05 9.78290531758361180e-05
1.38693467336683418e+00 -1.34865867323506842e-04 9.29176989475280339e-05
1.40703517587939708e+00 -1.54611842500448611e-04 7.28584813193366542e-05
1.42713567839195976e+00 -1.61414404090419651e-04 5.78267976696953293e-05
1.44723618090452266e+00 -1.65169383481727117e-04 3.86400166960724313e-05
1.46733668341708534e+00 -1.57289913067334974e-04 2.51803137455543300e-05
1.48743718592964824e+00 -1.59458104021547632e-04 1.36583917527303687e-05
1.50753768844221114e+00 -1.64163278789082633e-04 -1.33454390648062864e-06
1.52763819095477382e+00 -1.50303064620698428e-04 -1.81351372508966950e-05
1.54773869346733672e+00 -1.25082737385250997e-04 -2.43688522748517442e-05
1.56783919597989940e+00 -1.17007145075775191e-04 -2.67252907015172904e-05
1.58793969849246230e+00 -1.06738257302403363e-04 -2.76423984315928576e-05
1.60804020100502520e+00 -1.05443566700037469e-04 -2.81046989939357415e-05
1.62814070351758788e+00 -9.86936260439002583e-05 -3.02511359605981051e-05
1.64824120603015079e+00 -9.64179348103733107e-05 -2.97149683535595296e-05
1.66834170854271346e+00 -9.63142883867552311e-05 -3.31900533213424644e-05
1.68844221105527637e+00 -8.65077513082585843e-05 -3.55515896903965892e-05
1.70854271356783927e+00 -7.38423427620433598e-05 -3.41051012250200242e-05
1.72864321608040195e+00 -6.85444021523092016e-05 -2.93532654290690761e-05
1.74874371859296485e+00 -6.82852374291634078e-05 -2.56820546483273833e-05
1.76884422110552775e+00 -6.89510877300873932e-05 -2.31394220940661302e-05
1.78894472361809043e+00 -6.86864528741083172e-05 -2.11083390687070936e-05
1.80904522613065333e+00 -6.74027673822244722e-05 -1.97829362064533864e-05
1.82914572864321601e+00 -6.39271533916739283e-05 -1.74769583611293603e-05
1.84924623115577891e+00 -5.62359906239062146e-05 -1.29053509301811370e-05
1.86934673366834181e+00 -5.38656624167000109e-05 -4.57542243562819142e-06
1.88944723618090449e+00 -5.67444285528483436e-05 4.74778441181252396e-06
1.90954773869346739e+00 -7.38701105461526448e-05 1.26243934276064821e-05
1.92964824120603007e+00 -9.28589114031066147e-05 1.34080399814277104e-05
1.94974874371859297e+00 -1.10095342925341358e-04 1.05711716193787111e-05
1.96984924623115587e+00 -1.35333511422121815e-04 1.55988968789608574e-06
1.98994974874371855e+00 -1.42560874235914988e-04 -1.65249853595029454e-05
2.01005025125628123e+00 -1.34034208165928069e-04 -3.02958645560482399e-05
2.03015075376884413e+00 -1.16634409136783462e-04 -3.89497190523798562e-05
2.05025125628140703e+00 -1.00760106332286920e-04 -3.98025905000175519e-05
2.07035175879396993e+00 -9.67689724035989866e-05 -3.58218704432217071e-05
2.09045226130653283e+00 -9.94248382318034556e-05 -3.36809646574495245e-05
2.11055276381909529e+00 -1.05237409868976265e-04 -3.14223763194880140e-05
2.13065326633165819e+00 -1.18771884985621669e-04 -3.25166950030234532e-05
2.15075376884422109e+00 -1.36593507010764520e-04 -4.01581920650022529e-05
2.17085427135678399e+00 -1.39427272957034733e-04 -5.29071656254862942e-05
2.19095477386934689e+00 -1.32691203785465032e-04 -6.17981709787268976e-05
2.21105527638190935e+00 -1.32357765489234873e-04 -6.88902496720744369e-05
2.23115577889447225e+00 -1.33144873790179153e-04 -7.67368716701177100e-05
2.25125628140703515e+00 -1.37775262536971575e-04 -8.58974871235772009e-05
2.27135678391959805e+00 -1.42377640871908556e-04 -9.93199025738972018e-05
2.29145728643216096e+00 -1.33611270915264484e-04 -1.15564402513698838e-04
2.31155778894472341e+00 -1.09826413084412246e-04 -1.25809122872352485e-04
2.33165829145728631e+00 -9.52803336522585817e-05 -1.28664490837561093e-04
2.35175879396984921e+00 -9.11040389070622649e-05 -1.33165713385456803e-04
2.37185929648241212e+00 -8.22095057135093974e-05 -1.38648250026929693e-04
2.39195979899497502e+00 -7.31175989435642445e-05 -1.44400107976265095e-04
2.41206030150753747e+00 -5.91499475624870038e-05 -1.50297713653946513e-04
2.43216080402010038e+00 -5.23344626119753154e-05 -1.56200216946704716e-04
2.45226130653266328e+00 -3.17827329763895869e-05 -1.67341015701994361e-04
2.47236180904522618e+00 -2.11520585156925043e-06 -1.71866029451200739e-04
2.49246231155778908e+00 6.56728038373442124e-05 -1.69243409363486840e-04
2.51256281407035198e+00 1.27842035519887541e-04 -1.30966429029487791e-04
2.53266331658291444e+00 1.22027687727466124e-04 -8.78004975277265297e-05
2.55276381909547734e+00 5.37680933298979727e-05 -6.01748201987372330e-05
2.57286432160804024e+00 3.16320657734421853e-05 -6.79358789690724186e-05
2.59296482412060314e+00 9.08317905864561488e-05 -4.32598532805669180e-05
2.61306532663316604e+00 1.23038820524093860e-05 -2.34205051625528062e-05
2.63316582914572850e+00 -2.09453121494692299e-05 -3.74479526804627120e-05
2.65326633165829140e+00 3.02562138448446908e-05 -4.58675980813299985e-05
2.67336683417085430e+00 3.99342398033382525e-05 -1.87220656785371003e-05
2.69346733668341720e+00 -2.52082516050657427e-06 -1.32262546003355533e-05
2.71356783919598010e+00 -2.32041615525394702e-05 -1.98570917146576510e-05
2.73366834170854256e+00 4.80598426767581203e-06 -1.94463026149691548e-05
2.75376884422110546e+00 -1.71358476765670632e-05 -1.02460637105566157e-05
2.77386934673366836e+00 -4.81144455147838106e-05 -2.28809708459222986e-05
2.79396984924623126e+00 -3.19834923347073945e-05 -3.57200647486229030e-05
2.81407035175879416e+00 -1.67757858094961352e-05 -4.23179934925586352e-05
2.83417085427135662e+00 1.31219902487245572e-05 -3.70259548913426384e-05
2.85427135678391952e+00 1.65490967320116459e-05 -2.50588593005070552e-05
2.87437185929648242e+00 8.58725834652334378e-06 -1.12565630083928179e-05
2.89447236180904532e+00 -1.21299467413576365e-05 -7.29986011974847478e-06
2.91457286432160823e+00 -3.04934889556733177e-05 -6.33425827038231435e-06
2.93467336683417068e+00 -3.59753433405114717e-05 -1.46409778549755749e-05
2.95477386934673358e+00 -3.16556041298253360e-05 -1.27524840518057292e-05
2.97487437185929648e+00 -4.24002736048153386e-05 -1.82616992151673197e-05
2.99497487437185939e+00 -6.84217648035662633e-05 -2.26497821481558392e-05
3.01507537688442229e+00 -3.15992218386973347e-05 -4.59976659084487848e-05
3.03517587939698474e+00 4.22487315243540787e-07 -1.40334079815824531e-05
3.05527638190954764e+00 -9.37646920800913749e-05 -2.65800857582798106e-05
3.07537688442211055e+00 -1.65056793066789032e-05 -4.19973557585823473e-05
3.09547738693467345e+00 -7.68718216309344617e-05 -2.52077114584140169e-05
3.11557788944723635e+00 -4.37497684198686940e-05 -5.51326282293635163e-05
3.13567839195979881e+00 -2.04267649625282347e-06 -2.85414563679781774e-05
3.15577889447236171e+00 -4.60760713945920449e-05 -1.89029900957048782e-05
3.17587939698492461e+00 -5.88565230883176090e-05 -2.37263655476987895e-05
3.19597989949748751e+00 -4.86767086352653757e-05 -2.75000381638412221e-05
3.21608040201005041e+00 -4.00833465389067848e-05 -2.51973995947268986e-05
3.23618090452261287e+00 -5.09896807417701598e-05 -2.44709450846466854e-05
3.25628140703517577e+00 -5.55827291844607552e-05 -2.60651010909277688e-05
3.27638190954773867e+00 -6.42855191273296095e-05 -2.93313395116926118e-05
3.29648241206030157e+00 -6.12031529897493040e-05 -3.42121730445469165e-05
3.31658291457286447e+00 -5.64219531875603022e-05 -3.72749996900133967e-05
3.33668341708542693e+00 -3.27240473876519287e-05 -3.52469485094239994e-05
3.35678391959798983e+00 -1.78306243829734761e-05 -1.98853305098021712e-05
3.37688442211055273e+00 -3.11089522636540263e-05 -5.87711625164756241e-06
3.39698492462311563e+00 -6.55321698980398189e-05 1.73028016667243174e-06
3.41708542713567853e+00 -8.91759760741984216e-05 -5.58966579791419710e-06
3.43718592964824099e+00 -9.37298766905984501e-05 -8.91773120021732395e-06
3.45728643216080389e+00 -1.35613428099568982e-04 -1.73881506969199020e-05
3.47738693467336679e+00 -1.30268587575537332e-04 -3.48229819238268548e-05
3.49748743718592969e+00 -1.40435292090832647e-04 -3.78195866236746904e-05
3.51758793969849259e+00 -1.73783870017651698e-04 -5.48416617970200093e-05
3.53768844221105550e+00 -1.96195120629402925e-04 -8.23480051168528422e-05
3.55778894472361795e+00 -1.53921460627713306e-04 -1.12333708387961148e-04
3.57788944723618085e+00 -1.12220496272741197e-04 -1.08898580643661339e-04
3.59798994974874375e+00 -1.26780545150266105e-04 -1.06739110952495681e-04
3.61809045226130666e+00 -1.41850105223247086e-04 -1.18584822934648067e-04
3.63819095477386956e+00 -1.28194751528661960e-04 -1.35848373955623836e-04
3.65829145728643201e+00 -9.99776925963292957e-05 -1.46803114325369250e-04
3.67839195979899491e+00 -7.46077226735156874e-05 -1.49678850914176616e-04
3.69849246231155782e+00 -6.90999543015358619e-05 -1.49847380988318629e-04
3.71859296482412072e+00 -5.92975710193228750e-05 -1.53102725495227356e-04
3.73869346733668362e+00 -4.86382390327013786e-05 -1.50833775527709824e-04
3.75879396984924607e+00 -5.08110647577853685e-05 -1.49518406532517760e-04
3.77889447236180898e+00 -5.07301116147778624e-05 -1.53075129692389363e-04
3.79899497487437188e+00 -4.15831093553113373e-05 -1.55217541078656816e-04
3.81909547738693478e+00 -3.81483443297569354e-05 -1.56411148044632967e-04
3.83919597989949768e+00 -2.92951690775010978e-05 -1.58650841653941671e-04
3.85929648241206014e+00 -2.18407259011811081e-05 -1.57514103566441945e-04
3.87939698492462304e+00 -1.05329632496975771e-05 -1.56091246192991903e-04
3.89949748743718594e+00 -1.23195946350449917e-05 -1.50170199296173972e-04
3.91959798994974884e+00 -1.94940370434759968e-05 -1.52218727172683232e-04
3.93969849246231174e+00 -2.04855072160287819e-05 -1.54163671695390655e-04
3.95979899497487420e+00 -2.55461745368255431e-05 -1.60611182554619517e-04
3.97989949748743710e+00 -1.57356483258073338e-05 -1.69473797449478205e-04
4.00000000000000000e+00 -9.02648806449481166e-07 -1.72866144478336068e-04
