# SHG sigma units=A/V^2 component=xzz
# full-BZ normalized susceptibility/conductivity
# energy_eV total_re total_im
0.00000000000000000e+00 7.17315203191931427e-13 1.08888217222917956e-12
2.01005025125628144e-02 2.21631599942226493e-12 -2.01520048624429049e-11
4.02010050251256287e-02 1.93413226834935565e-12 -4.14167528765692501e-11
6.03015075376884396e-02 1.44349170222597303e-12 -6.27311925561413423e-11
8.04020100502512575e-02 7.45003350849475989e-13 -8.41213063901024551e-11
1.00502512562814075e-01 -1.63093073000698626e-13 -1.05613304035565372e-10
1.20603015075376879e-01 -1.28334751916858586e-12 -1.27233699193801108e-10
1.40703517587939697e-01 -2.61896759036932750e-12 -1.49009388379650691e-10
1.60804020100502515e-01 -4.17381042930382578e-12 -1.70967732105976016e-10
1.80904522613065333e-01 -5.95239949142341505e-12 -1.93136639004015597e-10
2.01005025125628151e-01 -7.95995095627743971e-12 -2.15544653468550465e-10
2.21105527638190968e-01 -1.02024065555886172e-11 -2.38221047431382001e-10
2.41206030150753759e-01 -1.26864722868353538e-11 -2.61195916941391645e-10
2.61306532663316604e-01 -1.54196631102821260e-11 -2.84500284302588389e-10
2.81407035175879394e-01 -1.84103540753705439e-11 -3.08166206584457930e-10
3.01507537688442184e-01 -2.16678384930236434e-11 -3.32226891433011158e-10
3.21608040201005030e-01 -2.52023938742520193e-11 -3.56716821210337325e-10
3.41708542713567820e-01 -2.90253565560435967e-11 -3.81671886645895556e-10
3.61809045226130666e-01 -3.31492059963964624e-11 -4.07129531350997589e-10
3.81909547738693456e-01 -3.75876600069312333e-11 -4.33128908735807345e-10
4.02010050251256301e-01 -4.23557822836359841e-11 -4.59711053138562177e-10
4.22110552763819091e-01 -4.74701038854222444e-11 -4.86919067292004652e-10
4.42211055276381937e-01 -5.29487606391393858e-11 -5.14798328592928685e-10
4.62311557788944727e-01 -5.88116486178628653e-11 -5.43396717188016231e-10
4.82412060301507517e-01 -6.50806004505802404e-11 -5.72764869463942891e-10
5.02512562814070307e-01 -7.17795854861759570e-11 -6.02956461299262621e-10
5.22613065326633208e-01 -7.89349375333213969e-11 -6.34028526490736191e-10
5.42713567839195998e-01 -8.65756145265493940e-11 -6.66041817085733564e-10
5.62814070351758788e-01 -9.47334952659184045e-11 -6.99061214124111992e-10
5.82914572864321578e-01 -1.03443719439115163e-10 -7.33156199704657032e-10
6.03015075376884369e-01 -1.12745078300606625e-10 -7.68401404540084381e-10
6.23115577889447270e-01 -1.22680464918792022e-10 -8.04877249845072967e-10
6.43216080402010060e-01 -1.33297394716715323e-10 -8.42670708674663828e-10
6.63316582914572850e-01 -1.44648609387523342e-10 -8.81876221339708103e-10
6.83417085427135640e-01 -1.56792780094694949e-10 -9.22596812973616545e-10
7.03517587939698541e-01 -1.69795329474387548e-10 -9.64945481717690368e-10
7.23618090452261331e-01 -1.83729396552233747e-10 -1.00904695692230894e-09
7.43718592964824121e-01 -1.98676974510038277e-10 -1.05503997488583284e-09
7.63819095477386911e-01 -2.14730258645006695e-10 -1.10308029630805881e-09
7.83919597989949701e-01 -2.31993251662170605e-10 -1.15334481473990848e-09
8.04020100502512602e-01 -2.50583685924642551e-10 -1.20603731491624676e-09
8.24120603015075393e-01 -2.70635339147803255e-10 -1.26139680196020962e-09
8.44221105527638183e-01 -2.92300841990342533e-10 -1.31970997374476994e-09
8.64321608040200973e-01 -3.15755109800898801e-10 -1.38133068884468573e-09
8.84422110552763874e-01 -3.41201320176232440e-10 -1.44671263994946447e-09
9.04522613065326664e-01 -3.69058193537368631e-10 -1.51647736109531384e-09
9.24623115577889454e-01 -4.01643773394093241e-10 -1.59176197947866737e-09
9.44723618090452244e-01 -4.32352532641841542e-10 -1.67591080973705742e-09
9.64824120603015034e-01 -4.47072456715141076e-10 -1.76238128432711308e-09
9.84924623115577935e-01 -4.76795415603609507e-10 -1.84890676311909876e-09
1.00502512562814061e+00 -5.35861202106665051e-10 -1.95102562430462884e-09
1.02512562814070352e+00 -6.19214658001173524e-10 -2.08764433546832031e-09
1.04522613065326642e+00 -6.73841075518367571e-10 -2.27984576479710686e-09
1.06532663316582910e+00 -1.06743769216330202e-10 -2.48199431558197193e-09
1.08542713567839200e+00 1.12746498679711143e-09 -2.09289854547324297e-09
1.10552763819095468e+00 4.35032497934687761e-10 -1.39003948192275554e-09
1.12562814070351758e+00 -9.78961146051151273e-10 -1.30822347457918523e-09
1.14572864321608048e+00 -1.98728733931965864e-09 -1.65772872935186175e-09
1.16582914572864316e+00 -2.59526394990402762e-09 -2.10290034276653214e-09
1.18592964824120606e+00 -2.80003483084281857e-09 -2.69838776374268970e-09
1.20603015075376874e+00 -2.85484036861089268e-09 -3.33882382190042131e-09
1.22613065326633164e+00 -2.74389020366359140e-09 -3.70417043498200553e-09
1.24623115577889454e+00 -2.43330152099973133e-09 -4.23996951516364962e-09
1.26633165829145722e+00 -2.65544371175352433e-09 -4.39391438379451058e-09
1.28643216080402012e+00 -2.36741452694888342e-09 -4.58023359203155691e-09
1.30653266331658302e+00 -3.31471080618030256e-09 -4.62399160632703706e-09
1.32663316582914570e+00 -3.64609449801153221e-09 -4.88556976962327767e-09
1.34673366834170860e+00 -5.51357318347122179e-09 -5.17434846161092493e-09
1.36683417085427128e+00 -7.68071033451862057e-09 -8.82431674636818513e-09
1.38693467336683418e+00 -6.80889170438931498e-09 -2.50714429065329076e-08
1.40703517587939708e+00 4.93017873203439566e-09 -2.40991256041515665e-08
1.42713567839195976e+00 5.92142417565408862e-09 -1.18467862265144753e-08
1.44723618090452266e+00 1.63617070343645213e-09 -1.12940084012003163e-08
1.46733668341708534e+00 1.97858680825585116e-09 -1.31580848302774227e-08
1.48743718592964824e+00 8.08326500411225604e-09 -1.48613389043180916e-08
1.50753768844221114e+00 1.71356445863673765e-08 -1.13605444909067278e-08
1.52763819095477382e+00 5.29036994627505948e-09 -6.68184089468162864e-09
1.54773869346733672e+00 -5.38071643311629421e-09 -1.35535075454551896e-08
1.56783919597989940e+00 1.46111078683680792e-09 -1.61138230820023889e-08
1.58793969849246230e+00 5.04338946322571319e-09 -2.01964348770906430e-08
1.60804020100502520e+00 4.66428447966248265e-09 -2.15938324337752047e-08
1.62814070351758788e+00 1.27603106614540812e-08 -2.61920314301395075e-08
1.64824120603015079e+00 1.50847108307000602e-08 -2.73099603492553496e-08
1.66834170854271346e+00 3.72982640910452345e-08 -3.27597506416243307e-08
1.68844221105527637e+00 1.33595865263758609e-07 -9.32980539008669763e-09
1.70854271356783927e+00 8.27624196638476015e-08 4.81725750081511345e-08
1.72864321608040195e+00 -3.05811328711483624e-08 4.17656211811827097e-08
1.74874371859296485e+00 -3.46672125155894415e-08 1.17326585986807829e-08
1.76884422110552775e+00 -2.18868893988242989e-08 -5.21001342101994990e-09
1.78894472361809043e+00 1.39382068185221772e-08 -1.29665774202023600e-08
1.80904522613065333e+00 2.28809396326341765e-08 -7.23743442385023928e-09
1.82914572864321601e+00 1.67976118314914124e-08 -5.45554720273368611e-09
1.84924623115577891e+00 4.68476925470818168e-08 -6.15511430495601168e-09
1.86934673366834181e+00 5.82812938643421201e-08 2.03585523585991141e-08
1.88944723618090449e+00 -1.41875378508904617e-08 2.18336310861827936e-08
1.90954773869346739e+00 -1.10442028702270960e-08 -1.41610117077530950e-09
1.92964824120603007e+00 3.36045695148084741e-08 -2.46441808750344724e-10
1.94974874371859297e+00 3.17934541631796645e-08 1.23623733726921194e-08
1.96984924623115587e+00 2.27892382875603050e-09 1.07870943586102028e-08
1.98994974874371855e+00 2.80135539125381261e-08 4.80085508875636761e-09
2.01005025125628123e+00 3.29555161071869889e-08 1.90497827204147683e-08
2.03015075376884413e+00 9.99841566319987416e-09 1.84722121389112854e-08
2.05025125628140703e+00 1.28896751282634585e-08 2.03860812249747077e-08
2.07035175879396993e+00 -1.93327714997816914e-09 1.84181159154610004e-08
2.09045226130653283e+00 -6.59503410452225058e-11 1.43191808030732676e-08
2.11055276381909529e+00 -5.31070770552059746e-10 1.10139147647708587e-08
2.13065326633165819e+00 2.35070497420815788e-09 1.10067892296499494e-08
2.15075376884422109e+00 1.02531281350826111e-09 8.34891452347339896e-09
2.17085427135678399e+00 1.16568480608446391e-08 8.67832798405589387e-09
2.19095477386934689e+00 5.41060247340998254e-09 1.30320897413380013e-08
2.21105527638190935e+00 6.39250339807807175e-10 4.85126843621596594e-09
2.23115577889447225e+00 2.45794776736502142e-08 8.87576060200621175e-09
2.25125628140703515e+00 -9.36964725050663960e-09 1.32278496032229846e-08
2.27135678391959805e+00 -1.96533882307226116e-08 -7.91590082835895360e-09
2.29145728643216096e+00 2.96790213507453327e-08 -6.88730084093557189e-09
2.31155778894472341e+00 5.14793601068019240e-08 1.34456489174203516e-08
2.33165829145728631e+00 2.11751264079164625e-08 3.00633344859586207e-08
2.35175879396984921e+00 -6.24794555138130058e-09 2.50145156358365251e-08
2.37185929648241212e+00 -1.34701976419983611e-08 1.58791405112994191e-08
2.39195979899497502e+00 -3.82221690226846878e-08 4.11423316071986239e-09
2.41206030150753747e+00 2.13067815368231146e-08 -6.74964009228621436e-09
2.43216080402010038e+00 4.19065186438076785e-08 2.48950886876703989e-08
2.45226130653266328e+00 -1.16971947030317440e-08 3.01144013574124537e-08
2.47236180904522618e+00 -1.86038012800140692e-08 1.62441640449577881e-08
2.49246231155778908e+00 -2.19066269362233978e-08 1.47580423173565794e-08
2.51256281407035198e+00 -1.06841394530622844e-08 6.83391354105285790e-09
2.53266331658291444e+00 4.12949638096619843e-08 1.27318475013671712e-08
2.55276381909547734e+00 1.11480492764989152e-07 4.14190005388824290e-08
2.57286432160804024e+00 -1.04243340610285033e-07 6.07800620247388600e-08
2.59296482412060314e+00 -2.99729953185204428e-07 -1.32861314315861380e-07
2.61306532663316604e+00 -1.07077241895235766e-07 -2.32347884244987855e-07
2.63316582914572850e+00 -3.79281099022415412e-07 -3.29870391072790482e-07
2.65326633165829140e+00 5.00943562579663386e-07 -4.85320157834480655e-07
2.67336683417085430e+00 1.14020430582273767e-06 3.07007834621158455e-07
2.69346733668341720e+00 -3.88642244385375221e-07 3.74162442280563915e-07
2.71356783919598010e+00 -2.88299253588615528e-07 1.80122563086358616e-07
2.73366834170854256e+00 -4.49789925221291009e-08 1.15439345294277007e-07
2.75376884422110546e+00 2.03645374940119061e-09 8.44801980885019229e-08
2.77386934673366836e+00 -4.32816449168174994e-08 7.73287778518689649e-08
2.79396984924623126e+00 -7.91473300127806749e-08 2.74599309414362945e-08
2.81407035175879416e+00 -4.35262587536332959e-08 3.69578966495726637e-09
2.83417085427135662e+00 -4.61076216941678657e-08 -2.93473772939277242e-08
2.85427135678391952e+00 -2.32045568436585491e-08 -5.33491124580214256e-08
2.87437185929648242e+00 -5.63824042065780873e-09 -8.10127691762938356e-08
2.89447236180904532e+00 -8.06665571382834604e-08 -1.18667634437939787e-07
2.91457286432160823e+00 -2.96817987149569485e-08 -2.44714314600295801e-07
2.93467336683417068e+00 1.25198987452023143e-07 -2.85109272709167161e-07
2.95477386934673358e+00 -3.27071901556556687e-08 -4.38639645321126388e-07
2.97487437185929648e+00 -3.58654941134832427e-07 -8.11396420359195131e-07
2.99497487437185939e+00 -2.89160334070347719e-06 -1.59058457789751624e-06
3.01507537688442229e+00 -7.36201344572843515e-06 -4.10481327382644945e-06
3.03517587939698474e+00 5.20664163192177193e-06 -6.77983231488117005e-06
3.05527638190954764e+00 1.60057291788624427e-05 2.95165412025746208e-06
3.07537688442211055e+00 -5.29573689450176895e-06 4.66767135303476643e-06
3.09547738693467345e+00 -3.26826417984191039e-06 2.21052425834366240e-06
3.11557788944723635e+00 -8.74792687819561783e-07 1.43471116963191725e-06
3.13567839195979881e+00 -6.25095354849061208e-07 7.45926363281230554e-07
3.15577889447236171e+00 -1.67415175560084960e-06 -6.02176677837130522e-08
3.17587939698492461e+00 -3.70415074147762830e-06 -1.41599716967776006e-06
3.19597989949748751e+00 1.86295703276456707e-06 -2.98744598277746032e-06
3.21608040201005041e+00 8.27715054067309968e-06 1.36125277880730055e-06
3.23618090452261287e+00 -1.68631014637231208e-06 2.99085826891660045e-06
3.25628140703517577e+00 -2.79713245828319284e-06 1.44573611884226810e-06
3.27638190954773867e+00 -7.19543327108856116e-07 6.85273241157338857e-07
3.29648241206030157e+00 -2.78414434972556745e-08 4.18309076476803186e-07
3.31658291457286447e+00 1.61901703873440838e-07 3.38426561987011348e-07
3.33668341708542693e+00 2.50198888037386969e-07 3.80815207526383247e-07
3.35678391959798983e+00 1.64967490116916336e-08 4.08005184228795099e-07
3.37688442211055273e+00 -5.52553983692396234e-07 2.85221632164108557e-07
3.39698492462311563e+00 -8.00746406480132480e-07 -2.67838873191214547e-07
3.41708542713567853e+00 1.67782891142444329e-07 -3.72311955231091050e-07
3.43718592964824099e+00 2.71077489604976673e-07 -2.64662224314679896e-07
3.45728643216080389e+00 3.92131221211618781e-07 -3.80266424419016930e-08
3.47738693467336679e+00 -3.58301702957857764e-08 6.82357708755265557e-08
3.49748743718592969e+00 -5.78911060639177144e-08 4.11122537719838916e-08
3.51758793969849259e+00 -7.03014988778763751e-09 2.84239985159767336e-08
3.53768844221105550e+00 1.01132115023226493e-08 2.69126883125548505e-08
3.55778894472361795e+00 3.72528138614744217e-08 3.02069869351368171e-08
3.57788944723618085e+00 1.46463751311326626e-08 5.50517810234705305e-08
3.59798994974874375e+00 -6.75545376359112819e-08 5.46063563686703760e-08
3.61809045226130666e+00 -7.48813156700621800e-08 2.63774690125655443e-08
3.63819095477386956e+00 -4.62949207882727427e-08 1.95269219047438874e-08
3.65829145728643201e+00 -5.35919162385398841e-08 1.57340764355596459e-08
3.67839195979899491e+00 -6.25512796003008474e-08 2.05088141658535663e-09
3.69849246231155782e+00 -5.87832551333233395e-08 -7.63553579559580647e-09
3.71859296482412072e+00 -6.04825959331561335e-08 -1.91158735237331931e-08
3.73869346733668362e+00 -3.38955430446406062e-08 -2.65842932281831643e-08
3.75879396984924607e+00 -4.87013757141515179e-09 -2.23530460740845487e-08
3.77889447236180898e+00 -6.56858822478128002e-09 -1.67184053370364458e-08
3.79899497487437188e+00 2.19852207279472438e-08 -1.82639911994471037e-08
3.81909547738693478e+00 2.47991610591774450e-08 -1.45776124270778967e-10
3.83919597989949768e+00 3.13661773125751377e-09 8.45579806208126308e-09
3.85929648241206014e+00 -2.48948597087555932e-08 1.19414933672643779e-08
3.87939698492462304e+00 -5.19337728039090512e-08 4.96408299541940775e-09
3.89949748743718594e+00 -5.37724210559639021e-08 -9.82607712106170869e-09
3.91959798994974884e+00 -2.72486042961591218e-08 -1.89665763826377347e-08
3.93969849246231174e+00 -9.84838823714756254e-09 -2.02385612658853221e-08
3.95979899497487420e+00 -3.01415013438741843e-09 -1.73816463416878129e-08
3.97989949748743710e+00 -9.21103325113468210e-09 -1.41460495858446640e-08
4.00000000000000000e+00 -1.29864273585753560e-08 -1.37917080223036877e-08
