# SHG chi units=pm/V component=yyy
# full-BZ normalized susceptibility/conductivity
# energy_eV total_re total_im
0.00000000000000000e+00 -1.11088368386381564e+01 6.29024664241568220e-06
2.01005025125628144e-02 -1.08716552844867707e+01 2.89866481371747840e-03
4.02010050251256287e-02 -1.09999066320182308e+01 1.45583976296870970e-03
6.03015075376884396e-02 -1.10484704736003128e+01 9.74039950083748982e-04
8.04020100502512575e-02 -1.10810059124347724e+01 7.33328380119701554e-04
1.00502512562814075e-01 -1.11094546450066503e+01 5.89137594714459097e-04
1.20603015075376879e-01 -1.11376966011888037e+01 4.93227668509975728e-04
1.40703517587939697e-01 -1.11673444136789506e+01 4.24915370951972583e-04
1.60804020100502515e-01 -1.11991583397758365e+01 3.73857032488034461e-04
1.80904522613065333e-01 -1.12335112029622390e+01 3.34305760267046928e-04
2.01005025125628151e-01 -1.12705712477802731e+01 3.02813498123085723e-04
2.21105527638190968e-01 -1.13103826374025829e+01 2.77186276716963212e-04
2.41206030150753759e-01 -1.13529029591837620e+01 2.55961758428807629e-04
2.61306532663316604e-01 -1.13980203473867316e+01 2.38127893767002335e-04
2.81407035175879394e-01 -1.14455597450191409e+01 2.22962139593288532e-04
3.01507537688442184e-01 -1.14952825745552332e+01 2.09934988965450900e-04
3.21608040201005030e-01 -1.15468817506423012e+01 1.98649678143025365e-04
3.41708542713567820e-01 -1.15999728144875061e+01 1.88803174127805817e-04
3.61809045226130666e-01 -1.16540813233279064e+01 1.80160168305084777e-04
3.81909547738693456e-01 -1.17086261989261580e+01 1.72535288323484093e-04
4.02010050251256301e-01 -1.17628983875571791e+01 1.65780647976927948e-04
4.22110552763819091e-01 -1.18160338328368724e+01 1.59776958704761475e-04
4.42211055276381937e-01 -1.18669793571746194e+01 1.54427069527688081e-04
4.62311557788944727e-01 -1.19144495364606104e+01 1.49651198647632327e-04
4.82412060301507517e-01 -1.19568719759801869e+01 1.45383360975116240e-04
5.02512562814070307e-01 -1.19923174734477680e+01 1.41568659303642128e-04
5.22613065326633208e-01 -1.20184102728734370e+01 1.38161209189410674e-04
5.42713567839195998e-01 -1.20322118004713499e+01 1.35122530225821364e-04
5.62814070351758788e-01 -1.20300686717491541e+01 1.32420292753032085e-04
5.82914572864321578e-01 -1.20074119642833406e+01 1.30027332807488010e-04
6.03015075376884369e-01 -1.19584891243771363e+01 1.27920875444983225e-04
6.23115577889447270e-01 -1.18760013828165079e+01 1.26081921415969567e-04
6.43216080402010060e-01 -1.17506064811717188e+01 1.24494764204384674e-04
6.63316582914572850e-01 -1.15702259462550749e+01 1.23146612606692319e-04
6.83417085427135640e-01 -1.13190630241891483e+01 1.22027299805542333e-04
7.03517587939698541e-01 -1.09761825876569432e+01 1.21129069595151973e-04
7.23618090452261331e-01 -1.05134109561663127e+01 1.20446425927528549e-04
7.43718592964824121e-01 -9.89214909666921116e+00 1.19976048064811874e-04
7.63819095477386911e-01 -9.05839199575104104e+00 1.19716766906840432e-04
7.83919597989949701e-01 -7.93467408266243446e+00 1.19669612600047359e-04
8.04020100502512602e-01 -6.40651836027930521e+00 1.19837951862439751e-04
8.24120603015075393e-01 -4.29858050031289096e+00 1.20227757274844163e-04
8.44221105527638183e-01 -1.33049486493686575e+00 1.20849734319729000e-04
8.64321608040200973e-01 2.96875476275785255e+00 1.32033107642983680e-04
8.84422110552763874e-01 9.42695010733493532e+00 9.31069154192484989e-03
9.04522613065326664e-01 1.94401746268747289e+01 1.19947046664835111e+00
9.24623115577889454e-01 3.31961293039584717e+01 2.50746638537298949e+01
9.44723618090452244e-01 2.86174924138050066e+01 1.04581511236402221e+02
9.64824120603015034e-01 -8.74798165887347956e+00 1.45990375778817764e+02
9.84924623115577935e-01 -4.34679972938680379e+01 1.39738407142872745e+02
1.00502512562814061e+00 -7.22445815136189537e+01 1.29000732369557795e+02
1.02512562814070352e+00 -9.85167186465458116e+01 1.19171657688707967e+02
1.04522613065326642e+00 -1.25473999321815114e+02 1.08691482493870481e+02
1.06532663316582910e+00 -1.54158608961612202e+02 7.37362430561337874e+01
1.08542713567839200e+00 -1.61627311612081485e+02 -1.26655619419364847e+01
1.10552763819095468e+00 -1.39048420271422117e+02 -5.53585582154363465e+01
1.12562814070351758e+00 -1.20181998018280026e+02 -5.51907038894915303e+01
1.14572864321608048e+00 -1.08594594407346122e+02 -5.14760535551073275e+01
1.16582914572864316e+00 -1.01946229875984471e+02 -4.80292821464970814e+01
1.18592964824120606e+00 -9.83507242854174422e+01 -4.50294972288342095e+01
1.20603015075376874e+00 -9.66381451614695237e+01 -4.21341099576649398e+01
1.22613065326633164e+00 -9.95221073116266979e+01 -4.18996391725934387e+01
1.24623115577889454e+00 -1.01299826828286569e+02 -3.71039820246308949e+01
1.26633165829145722e+00 -1.10497160441727971e+02 -3.92359374095031654e+01
1.28643216080402012e+00 -1.17254665705966602e+02 -3.63487898965025167e+01
1.30653266331658302e+00 -1.32764224288385208e+02 -4.14719917120018451e+01
1.32663316582914570e+00 -1.48178427342833317e+02 -4.20386883604126496e+01
1.34673366834170860e+00 -1.76023599453092686e+02 -5.31639822506781741e+01
1.36683417085427128e+00 -2.03684638771755345e+02 -1.19314010043363183e+02
1.38693467336683418e+00 -1.92152562857111889e+02 -2.70487241735442751e+02
1.40703517587939708e+00 -1.29217829568825834e+02 -3.37485790471459836e+02
1.42713567839195976e+00 -7.59672918192568432e+01 -3.56652342743185386e+02
1.44723618090452266e+00 -1.05592355024205453e+01 -3.65074016126000572e+02
1.46733668341708534e+00 3.73746118018629687e+01 -3.15434607709816248e+02
1.48743718592964824e+00 6.88125985602664798e+01 -2.94347140483862688e+02
1.50753768844221114e+00 1.01964531556023886e+02 -2.86418051184443243e+02
1.52763819095477382e+00 1.37964279798845212e+02 -2.43742801274563817e+02
1.54773869346733672e+00 1.49796750992070514e+02 -1.82206294797061332e+02
1.56783919597989940e+00 1.53616318381127201e+02 -1.57039878724673400e+02
1.58793969849246230e+00 1.55302147927758512e+02 -1.29299114496384902e+02
1.60804020100502520e+00 1.55088802885466038e+02 -1.19235982779682999e+02
1.62814070351758788e+00 1.58858910983744778e+02 -9.81981789642313743e+01
1.64824120603015079e+00 1.56007317493279743e+02 -8.69408177252770855e+01
1.66834170854271346e+00 1.63386592377754482e+02 -9.16877868727979290e+01
1.68844221105527637e+00 1.74586917239530720e+02 -6.88199058496735461e+01
1.70854271356783927e+00 1.76448291614023645e+02 -3.04720993617197351e+01
1.72864321608040195e+00 1.73832685820302174e+02 1.13887018864319045e+00
1.74874371859296485e+00 1.57263681631925579e+02 5.15676117272437295e+01
1.76884422110552775e+00 1.30528038211572550e+02 6.78176037164693071e+01
1.78894472361809043e+00 1.06919907632730599e+02 7.35269481097976012e+01
1.80904522613065333e+00 8.33727594041029079e+01 7.12669481244339948e+01
1.82914572864321601e+00 6.38216840016817670e+01 6.20918919833808900e+01
1.84924623115577891e+00 4.70123877135841539e+01 4.77309121192288828e+01
1.86934673366834181e+00 3.48238738188979653e+01 2.26090435708973203e+01
1.88944723618090449e+00 3.02352821102190177e+01 2.96796095174595376e+00
1.90954773869346739e+00 2.45406216191159352e+01 -1.29122287572111354e+01
1.92964824120603007e+00 2.22566910733096464e+01 -3.65013999331827961e+01
1.94974874371859297e+00 2.62583687356201310e+01 -7.72776097903655312e+01
1.96984924623115587e+00 5.03207665111717048e+01 -1.26511977064329429e+02
1.98994974874371855e+00 8.65174397598417073e+01 -1.32961728777578656e+02
2.01005025125628123e+00 1.17171763995588506e+02 -1.23979164471597244e+02
2.03015075376884413e+00 1.46255358524204524e+02 -1.08544715373164465e+02
2.05025125628140703e+00 1.71509662375856379e+02 -8.81042567311100839e+01
2.07035175879396993e+00 1.96291273912807583e+02 -7.46127995562796258e+01
2.09045226130653283e+00 2.28096386254175769e+02 -5.15315395989166944e+01
2.11055276381909529e+00 2.57254792800706070e+02 1.56528118886346164e+01
2.13065326633165819e+00 2.59768669581166989e+02 1.68402113394669186e+02
2.15075376884422109e+00 1.90599737167415469e+02 3.19765087383999742e+02
2.17085427135678399e+00 1.00660034099843557e+02 3.28086020701447580e+02
2.19095477386934689e+00 3.45847912153107941e+01 2.81716192440753503e+02
2.21105527638190935e+00 -5.92116441946638261e+00 2.11796615706739658e+02
2.23115577889447225e+00 -2.17548983298271352e+01 1.74334940770805645e+02
2.25125628140703515e+00 -4.00245886615895543e+01 1.55994958242472990e+02
2.27135678391959805e+00 -5.92315694093616685e+01 1.27238261623971624e+02
2.29145728643216096e+00 -6.70026610353489502e+01 6.00302640915483536e+01
2.31155778894472341e+00 -5.05432760622672674e+01 3.59184569948655597e+00
2.33165829145728631e+00 -1.80993522618784262e+01 -3.16991236939675716e+01
2.35175879396984921e+00 1.00152182283968543e+01 1.54112168208600817e+01
2.37185929648241212e+00 -6.61219048393248254e+00 1.21842398862522387e+02
2.39195979899497502e+00 -5.36996273008032503e+01 4.93050785769366797e+01
2.41206030150753747e+00 -2.77747422461144033e+01 -1.12003379268368182e+01
2.43216080402010038e+00 -3.65152541471791281e+01 4.35543330929858286e+01
2.45226130653266328e+00 -4.44401592202271658e+01 1.42747155170495006e+01
2.47236180904522618e+00 -4.09353116411704931e+01 -1.84949046472746588e+01
2.49246231155778908e+00 -1.13012005728258629e+01 -9.80348630987622016e+01
2.51256281407035198e+00 3.88571569095888023e+01 -4.69738847017984629e+00
2.53266331658291444e+00 2.41410486974758953e+01 1.95340336408480972e+01
2.55276381909547734e+00 3.84785795044379810e+01 1.65264679963928671e+01
2.57286432160804024e+00 3.54628781138486175e+01 2.29991395572118087e+01
2.59296482412060314e+00 3.50804986589291019e+01 5.98771267772652465e+01
2.61306532663316604e+00 1.36337214893408234e+01 6.73587658825425137e+01
2.63316582914572850e+00 8.56048529165175154e-01 5.03453406191440465e+01
2.65326633165829140e+00 1.58269240565753444e+00 1.41508632230145608e+01
2.67336683417085430e+00 5.34648608375072865e+00 5.02519217748203815e+01
2.69346733668341720e+00 -1.35255521846936251e+01 6.59052705547455986e+01
2.71356783919598010e+00 -2.85690469391268138e+01 4.23356410369840148e+01
2.73366834170854256e+00 -2.69475242124421328e+01 -8.16716921018888797e+00
2.75376884422110546e+00 -1.40690952789937267e+01 -1.85199517260736570e+01
2.77386934673366836e+00 -4.15695304944000288e+00 -6.40531594390762677e+01
2.79396984924623126e+00 3.44957289682793515e+01 -1.12509519321664797e+02
2.81407035175879416e+00 7.28036714002384713e+01 -6.78890482293882371e+01
2.83417085427135662e+00 6.77704815707356545e+01 5.49118821719216044e+01
2.85427135678391952e+00 3.38898815093068819e+01 3.00140511733486335e+01
2.87437185929648242e+00 4.16286345195607836e+01 1.29461542592315784e+01
2.89447236180904532e+00 3.59317253104017098e+01 4.55619975382870805e+01
2.91457286432160823e+00 3.32181647089186285e+01 3.86327621466888829e+01
2.93467336683417068e+00 2.65755953813246926e+01 6.35887817005700313e+01
2.95477386934673358e+00 1.05679141936499676e+00 9.06694673896058561e+01
2.97487437185929648e+00 -2.57311217336414693e+01 5.84493174832154807e+01
2.99497487437185939e+00 -2.52365890708568905e+01 -1.23492338181481487e+00
3.01507537688442229e+00 -5.67246685956322327e-01 -2.32331678732887283e+01
3.03517587939698474e+00 1.63014765188898849e+01 5.41089498420821791e+00
3.05527638190954764e+00 2.10043739749604974e+01 2.10416429895351378e+01
3.07537688442211055e+00 2.28568453554521618e+01 2.34743375445416120e+01
3.09547738693467345e+00 1.89695896618316837e+01 4.43626260566044621e+01
3.11557788944723635e+00 6.61097284546168762e+00 4.25888205912505882e+01
3.13567839195979881e+00 3.46617870358924440e+00 2.05746033657023482e+01
3.15577889447236171e+00 7.12473161115590425e+00 1.57375562190660445e+00
3.17587939698492461e+00 1.85937807820987047e+01 1.11160375702718692e+01
3.19597989949748751e+00 1.71183501875178443e+01 3.21511159120710985e+01
3.21608040201005041e+00 1.30094854267797917e+01 3.49099473747146121e+01
3.23618090452261287e+00 1.15482998456584554e+01 3.93698895809420861e+01
3.25628140703517577e+00 8.35475646597342170e+00 4.35167249284309818e+01
3.27638190954773867e+00 4.73853559847057149e+00 5.45224267803889049e+01
3.29648241206030157e+00 -7.63510000178808745e+00 5.76342744667055698e+01
3.31658291457286447e+00 -1.30928427209054181e+01 3.80345547352325681e+01
3.33668341708542693e+00 -1.24292912851665029e+01 3.01394739488053034e+01
3.35678391959798983e+00 -1.04226254309253221e+01 1.35356010220576550e+01
3.37688442211055273e+00 -3.27713332914530253e-01 1.28407134134544236e+01
3.39698492462311563e+00 3.74972287632348333e+00 2.22561239121940133e+01
3.41708542713567853e+00 2.47309973413219941e+00 2.53186260439064910e+01
3.43718592964824099e+00 1.99908441618257626e+00 2.07523929691927513e+01
3.45728643216080389e+00 4.23952545248965507e+00 1.25604061307982757e+01
3.47738693467336679e+00 5.05566780315384978e+00 1.95485052332948932e+01
3.49748743718592969e+00 5.35641122505103429e+00 2.86528252490165407e+01
3.51758793969849259e+00 -8.44213560959052423e-01 3.45418353334828865e+01
3.53768844221105550e+00 -4.93176342229131870e-01 2.71021930837279292e+01
3.55778894472361795e+00 5.80150480822030135e-01 4.28896095566117879e+01
3.57788944723618085e+00 -4.85614623527257727e+00 4.68818097917883705e+01
3.59798994974874375e+00 -7.28130094203666367e+00 4.11061646620359795e+01
3.61809045226130666e+00 -7.91042337478455959e+00 4.11373415132389013e+01
3.63819095477386956e+00 -1.01212793146622673e+01 3.83296684973216060e+01
3.65829145728643201e+00 -1.05343583319482228e+01 3.68970531672149633e+01
3.67839195979899491e+00 -1.13070531767507259e+01 3.64969477427861975e+01
3.69849246231155782e+00 -1.28182914057246773e+01 3.84877387337083121e+01
3.71859296482412072e+00 -1.54847540821296459e+01 3.96512103271746241e+01
3.73869346733668362e+00 -1.86831912816135670e+01 3.75076668536606519e+01
3.75879396984924607e+00 -2.05477762192943203e+01 3.39364321259949335e+01
3.77889447236180898e+00 -2.24592276222881928e+01 3.20893453997478275e+01
3.79899497487437188e+00 -2.39099685072916692e+01 2.83963146085267724e+01
3.81909547738693478e+00 -2.45530586183888175e+01 2.49309349698755547e+01
3.83919597989949768e+00 -2.46059105087725918e+01 2.14713142470580785e+01
3.85929648241206014e+00 -2.41369696312040851e+01 1.88537871188807991e+01
3.87939698492462304e+00 -2.32556046819645275e+01 1.79674477652833602e+01
3.89949748743718594e+00 -2.28912747281937961e+01 1.88435858250196233e+01
3.91959798994974884e+00 -2.32795977410419326e+01 1.96893607018759162e+01
3.93969849246231174e+00 -2.42425701617866736e+01 2.15784435744630052e+01
3.95979899497487420e+00 -2.66634783489278107e+01 2.11898647393857900e+01
3.97989949748743710e+00 -2.83332557189978935e+01 1.68650928007142120e+01
4.00000000000000000e+00 -2.86291074238382706e+01 1.15561776042596023e+01
