# SHG sigma units=A/V^2 component=zxy
# full-BZ normalized susceptibility/conductivity
# energy_eV total_re total_im
0.00000000000000000e+00 -4.84192008770725568e-12 -3.42743000647618207e-11
2.01005025125628144e-02 -4.85159214278306681e-12 -2.62634582248044192e-10
4.02010050251256287e-02 -4.87557321243647212e-12 -4.91383354073631609e-10
6.03015075376884396e-02 -4.91393532033909745e-12 -7.20742902703977145e-10
8.04020100502512575e-02 -4.96679814143869999e-12 -9.50937035367917479e-10
1.00502512562814075e-01 -5.03432995115226056e-12 -1.18219191102981800e-09
1.20603015075376879e-01 -5.11674897083819322e-12 -1.41473689304247123e-09
1.40703517587939697e-01 -5.21432513352103515e-12 -1.64880543024985479e-09
1.60804020100502515e-01 -5.32738229838032985e-12 -1.88463597446199364e-09
1.80904522613065333e-01 -5.45630094886492021e-12 -2.12247294282177516e-09
2.01005025125628151e-01 -5.60152142157492030e-12 -2.36256773430641731e-09
2.21105527638190968e-01 -5.76354772003837915e-12 -2.60517981051942235e-09
2.41206030150753759e-01 -5.94295198518963706e-12 -2.85057785201647115e-09
2.61306532663316604e-01 -6.14037969668191801e-12 -3.09904100272523958e-09
2.81407035175879394e-01 -6.35655571207695334e-12 -3.35086021659140696e-09
3.01507537688442184e-01 -6.59229125823391040e-12 -3.60633972246231834e-09
3.21608040201005030e-01 -6.84849201818175740e-12 -3.86579862545794001e-09
3.41708542713567820e-01 -7.12616748632916975e-12 -4.12957266574727375e-09
3.61809045226130666e-01 -7.42644180331511032e-12 -4.39801615883894524e-09
3.81909547738693456e-01 -7.75056632041742633e-12 -4.67150414530721861e-09
4.02010050251256301e-01 -8.09993420726749638e-12 -4.95043478244338775e-09
4.22110552763819091e-01 -8.47609747878274335e-12 -5.23523201582512373e-09
4.42211055276381937e-01 -8.88078691107738102e-12 -5.52634857542401031e-09
4.62311557788944727e-01 -9.31593542632449082e-12 -5.82426934889084633e-09
4.82412060301507517e-01 -9.78370566605234859e-12 -6.12951519441803578e-09
5.02512562814070307e-01 -1.02865226652578084e-11 -6.44264726745308351e-09
5.22613065326633208e-01 -1.08271127728989106e-11 -6.76427195008507723e-09
5.42713567839195998e-01 -1.14085502835397109e-11 -7.09504648978042087e-09
5.62814070351758788e-01 -1.20343136674987828e-11 -7.43568547613916067e-09
5.82914572864321578e-01 -1.27083538463381735e-11 -7.78696831146571127e-09
6.03015075376884369e-01 -1.34351777195585604e-11 -8.14974786443679155e-09
6.23115577889447270e-01 -1.42199512018994729e-11 -8.52496053737482013e-09
6.43216080402010060e-01 -1.50686274716412520e-11 -8.91363802798726893e-09
6.63316582914572850e-01 -1.59881081712987726e-11 -9.31692112698053184e-09
6.83417085427135640e-01 -1.69864482166818313e-11 -9.73607596318563998e-09
7.03517587939698541e-01 -1.80731190800896685e-11 -1.01725131834624773e-08
7.23618090452261331e-01 -1.92593516358772664e-11 -1.06278106213207988e-08
7.43718592964824121e-01 -2.05585889827447743e-11 -1.11037400277687555e-08
7.63819095477386911e-01 -2.19870939536653706e-11 -1.16022983143318382e-08
7.83919597989949701e-01 -2.35647783761162451e-11 -1.21257432539960505e-08
8.04020100502512602e-01 -2.53163569668993242e-11 -1.26766321115952178e-08
8.24120603015075393e-01 -2.72729876351076672e-11 -1.32578577553401859e-08
8.44221105527638183e-01 -2.94746595505685696e-11 -1.38726668068266728e-08
8.64321608040200973e-01 -3.19737827170843523e-11 -1.45246207359740659e-08
8.84422110552763874e-01 -3.48594672431357426e-11 -1.52174256472061817e-08
9.04522613065326664e-01 -4.11264984442441453e-11 -1.59548071912596699e-08
9.24623115577889454e-01 -1.19466101099975498e-10 -1.67464972968720277e-08
9.44723618090452244e-01 -4.46392691571392410e-10 -1.76840108910291600e-08
9.64824120603015034e-01 -5.52369151530596874e-10 -1.88974151409120970e-08
9.84924623115577935e-01 -4.30838926176252603e-11 -2.01216911126371382e-08
1.00502512562814061e+00 6.08119754107006426e-10 -2.11934310984614838e-08
1.02512562814070352e+00 1.00944780541417420e-09 -2.21926376006624386e-08
1.04522613065326642e+00 1.05778488265456617e-09 -2.33007266193574625e-08
1.06532663316582910e+00 1.02900443936810969e-09 -2.47792461631490992e-08
1.08542713567839200e+00 1.78347028401783218e-09 -2.65794650726077985e-08
1.10552763819095468e+00 2.84890479023714688e-09 -2.77713665213386099e-08
1.12562814070351758e+00 3.30267197882242554e-09 -2.90392275626103900e-08
1.14572864321608048e+00 3.36668386250906506e-09 -3.06976911761143546e-08
1.16582914572864316e+00 3.38429878078529460e-09 -3.28711912371544898e-08
1.18592964824120606e+00 3.81647441373578645e-09 -3.55802683113041935e-08
1.20603015075376874e+00 5.84274158959260308e-09 -3.85319754909112250e-08
1.22613065326633164e+00 9.04445141140626453e-09 -4.10732521466820264e-08
1.24623115577889454e+00 1.10338476755270948e-08 -4.31788740850943314e-08
1.26633165829145722e+00 1.14282746795834352e-08 -4.61351764144747401e-08
1.28643216080402012e+00 1.04037713054705126e-08 -5.05335079889184629e-08
1.30653266331658302e+00 7.78846301201707680e-09 -5.79852731629425076e-08
1.32663316582914570e+00 2.68535801985432335e-09 -7.06335968289622133e-08
1.34673366834170860e+00 1.22902490974990253e-10 -9.26942915140906393e-08
1.36683417085427128e+00 6.52137122404777806e-08 -1.22273314839639091e-07
1.38693467336683418e+00 3.48633827451148625e-07 -8.55000026015096464e-08
1.40703517587939708e+00 2.84764603542164122e-07 8.73975198496820180e-08
1.42713567839195976e+00 1.18654412325607165e-09 8.96238711110187333e-08
1.44723618090452266e+00 -1.73506248619875822e-08 4.56175235356849395e-08
1.46733668341708534e+00 -1.94205170186140558e-08 2.20062790906022256e-08
1.48743718592964824e+00 -5.58278632628801987e-09 -3.11155250001324776e-09
1.50753768844221114e+00 3.69974399762509150e-08 -1.03957294554527579e-08
1.52763819095477382e+00 2.68596236005879197e-08 -1.50641967404823891e-09
1.54773869346733672e+00 -2.77501761225809358e-09 -1.87145337382011738e-08
1.56783919597989940e+00 3.46680100484529643e-08 -3.29898337709990903e-08
1.58793969849246230e+00 6.55244695313784620e-08 -3.15257283639173824e-08
1.60804020100502520e+00 1.27358249791990680e-07 -1.96478462858376428e-08
1.62814070351758788e+00 1.50038635621027494e-07 2.88524091285860043e-08
1.64824120603015079e+00 6.13724758463304967e-08 5.60902680417442593e-08
1.66834170854271346e+00 -3.23087868099160326e-09 3.94951603016089263e-08
1.68844221105527637e+00 -5.43221796617696491e-10 1.48053661795697690e-08
1.70854271356783927e+00 2.87479872085490304e-08 1.25852769850176693e-09
1.72864321608040195e+00 7.05238228268699959e-08 4.14091568434195416e-09
1.74874371859296485e+00 6.25249073147217280e-08 2.01628992966067059e-08
1.76884422110552775e+00 6.69949898634207437e-08 1.49485610413371263e-08
1.78894472361809043e+00 1.48442615957242185e-07 4.07640176160017817e-08
1.80904522613065333e+00 1.06453294672747463e-07 1.00155095211025500e-07
1.82914572864321601e+00 -2.38872456289530515e-08 9.73573464663911645e-08
1.84924623115577891e+00 -4.51732659999267803e-08 6.67166609687230857e-08
1.86934673366834181e+00 -3.02782333217896163e-08 5.14761747651619650e-08
1.88944723618090449e+00 -4.02015197417395129e-08 4.10060400172122550e-08
1.90954773869346739e+00 -3.98633768759381899e-08 2.40540751642368155e-08
1.92964824120603007e+00 -1.84924115259824460e-08 1.48139653638423241e-08
1.94974874371859297e+00 -1.13990610456543939e-08 1.05801050955902636e-08
1.96984924623115587e+00 -2.02608451174870453e-08 4.35494607582270446e-09
1.98994974874371855e+00 -1.52866659761258264e-08 -1.35111963090716905e-08
2.01005025125628123e+00 2.27449621970133228e-08 -1.96901519867877800e-08
2.03015075376884413e+00 6.62574763684533517e-08 -8.70391799347068463e-09
2.05025125628140703e+00 6.55870749418063593e-08 2.01338278668992526e-08
2.07035175879396993e+00 -5.55357132573850178e-09 4.33582062858430170e-08
2.09045226130653283e+00 -3.71467485129437910e-08 3.67599049194131720e-08
2.11055276381909529e+00 2.91303549790644764e-08 6.30973581711428225e-08
2.13065326633165819e+00 -1.67097595229698122e-07 8.20744097505033113e-08
2.15075376884422109e+00 -3.52870433909034110e-07 -1.35066442060012802e-08
2.17085427135678399e+00 -2.48878099459642722e-07 -1.94726085539146037e-07
2.19095477386934689e+00 3.49400359125507437e-07 -1.20958873987633171e-07
2.21105527638190935e+00 -6.06882437640407669e-08 -7.99890497705007791e-09
2.23115577889447225e+00 8.98501829691861749e-08 -7.39179440432210829e-08
2.25125628140703515e+00 1.29310824692472366e-07 7.15573484450159849e-09
2.27135678391959805e+00 1.73559231013728852e-08 -1.08173191562255236e-08
2.29145728643216096e+00 2.24120849507175549e-08 -2.42454441941395931e-08
2.31155778894472341e+00 6.59401078860388521e-08 -5.55859919214595281e-08
2.33165829145728631e+00 7.41188438826062297e-08 -4.82790090228433979e-08
2.35175879396984921e+00 1.72897401082806300e-07 -3.88591648009579582e-08
2.37185929648241212e+00 1.62886979054973919e-07 1.74693080417396707e-08
2.39195979899497502e+00 1.99856638108913665e-07 4.88725796543814164e-08
2.41206030150753747e+00 1.99259266919488949e-07 1.12571620894755255e-07
2.43216080402010038e+00 1.78436710953700553e-07 1.63560760109459415e-07
2.45226130653266328e+00 1.10611979584710802e-07 2.11237188687664275e-07
2.47236180904522618e+00 -2.73728757792946235e-08 2.25302150220918742e-07
2.49246231155778908e+00 -2.61612737298885899e-07 1.68951320062392829e-07
2.51256281407035198e+00 -2.12702130236994938e-07 3.77124722828293026e-08
2.53266331658291444e+00 -5.02996234271487786e-08 2.13314840642456455e-08
2.55276381909547734e+00 8.42529886256516084e-09 5.04062799042775658e-08
2.57286432160804024e+00 -6.09919107555224976e-08 8.93973953099843397e-08
2.59296482412060314e+00 -8.26853794536088946e-08 9.49721435384573235e-08
2.61306532663316604e+00 -7.74897925247312472e-08 1.19336714526183696e-07
2.63316582914572850e+00 -7.11594606189042865e-08 1.50188607731776856e-07
2.65326633165829140e+00 -9.43457193343101165e-08 2.18397820383741319e-07
2.67336683417085430e+00 -4.44279140944037234e-07 2.25931286786457775e-07
2.69346733668341720e+00 -8.42818567067217797e-07 6.15653986149320861e-08
2.71356783919598010e+00 -7.57867064455148959e-07 -2.12544117315404075e-07
2.73366834170854256e+00 -4.67116615499741359e-07 -2.25757515243541603e-07
2.75376884422110546e+00 -7.07124879840789691e-07 -3.05510126949071957e-07
2.77386934673366836e+00 -5.05167987986353423e-07 -3.68082320027025271e-07
2.79396984924623126e+00 -6.24148849809570845e-07 -3.05414219126327326e-07
2.81407035175879416e+00 -6.65374362842669751e-07 -5.04169508106295339e-07
2.83417085427135662e+00 -7.59078067912709785e-07 -5.90703052116759332e-07
2.85427135678391952e+00 -1.40874699987439940e-06 -1.38199638309580596e-06
2.87437185929648242e+00 1.88692290955693886e-06 -1.44666805545279259e-06
2.89447236180904532e+00 1.75846020646503532e-06 -6.39892584672209792e-07
2.91457286432160823e+00 1.18790883120864142e-06 -4.56516609674072944e-07
2.93467336683417068e+00 8.81432026097772870e-07 -2.79060320520997639e-07
2.95477386934673358e+00 9.46008583670512691e-07 -4.21058928982905147e-07
2.97487437185929648e+00 1.91255993376182476e-06 -2.49689626788382084e-07
2.99497487437185939e+00 2.33471018921563201e-06 3.97542561099223634e-07
3.01507537688442229e+00 1.02515906957426146e-06 8.20692722606772051e-07
3.03517587939698474e+00 5.50825665962318275e-07 7.86559939974228140e-07
3.05527638190954764e+00 -5.41662891862720738e-07 9.03480129169563429e-07
3.07537688442211055e+00 -1.46429800540728263e-06 2.34947943304159789e-07
3.09547738693467345e+00 -6.59864749605583190e-07 -1.14069085857557323e-07
3.11557788944723635e+00 -2.05213214852965812e-07 -1.59361078069137541e-07
3.13567839195979881e+00 4.00774951416233308e-08 -1.65666680860310296e-07
3.15577889447236171e+00 1.78929035051105437e-07 -1.33244430372993020e-07
3.17587939698492461e+00 2.22885510772224265e-07 -1.10136652264051480e-07
3.19597989949748751e+00 3.50494702620779509e-07 -6.64012258309533328e-08
3.21608040201005041e+00 4.11707036276459186e-07 -5.34969166206828066e-09
3.23618090452261287e+00 5.11265622035369871e-07 6.63822595832053766e-08
3.25628140703517577e+00 5.49787535214501995e-07 1.77319903885370315e-07
3.27638190954773867e+00 4.41013824137988236e-07 2.62482024852223924e-07
3.29648241206030157e+00 3.38548944037107036e-07 3.09571160106893399e-07
3.31658291457286447e+00 2.13719528735839616e-07 3.31223756721596728e-07
3.33668341708542693e+00 6.80798432982550421e-08 3.13612884204325781e-07
3.35678391959798983e+00 8.41345578165792538e-09 2.54172547303080545e-07
3.37688442211055273e+00 1.59791053438798283e-07 2.34027910462977066e-07
3.39698492462311563e+00 3.94080656702572460e-08 2.73902057592551674e-07
3.41708542713567853e+00 -2.47705409799197438e-08 2.08314504899537684e-07
3.43718592964824099e+00 7.71389455593728018e-08 1.90661947214794383e-07
3.45728643216080389e+00 2.95501834201397027e-08 1.78800071180244435e-07
3.47738693467336679e+00 8.46384369811018647e-08 1.56458901527613378e-07
3.49748743718592969e+00 2.19944115644888582e-07 1.88417502985491289e-07
3.51758793969849259e+00 2.53657652151659359e-07 2.92333225677477939e-07
3.53768844221105550e+00 9.68114265910392115e-08 3.57261196234782877e-07
3.55778894472361795e+00 -1.20757324366972589e-07 3.52970593706818287e-07
3.57788944723618085e+00 -2.10131040842802498e-07 2.45797806426287197e-07
3.59798994974874375e+00 -1.16030566850664206e-07 1.87131507925485850e-07
3.61809045226130666e+00 -5.73204805821284625e-08 1.57759192189270132e-07
3.63819095477386956e+00 -7.26571677343224522e-09 1.59159715936564676e-07
3.65829145728643201e+00 5.56496886711940278e-08 1.78065141965469338e-07
3.67839195979899491e+00 7.87781120555138661e-09 2.08989281253793100e-07
3.69849246231155782e+00 1.30872136493135636e-08 1.95278738487590268e-07
3.71859296482412072e+00 2.52741674014110136e-08 2.30930994385155566e-07
3.73869346733668362e+00 -2.40178065087660432e-08 2.41315653008018332e-07
3.75879396984924607e+00 -9.20672306503830125e-08 2.47802595319796467e-07
3.77889447236180898e+00 -1.89251363831082415e-07 2.13948496352864903e-07
3.79899497487437188e+00 -1.44295813564393478e-07 1.69367329017559350e-07
3.81909547738693478e+00 -1.24673944104768980e-07 1.58831856939699023e-07
3.83919597989949768e+00 -1.31224487378061302e-07 1.55055605076735711e-07
3.85929648241206014e+00 -1.41646586682827383e-07 1.46840759009049049e-07
3.87939698492462304e+00 -1.44909365237301645e-07 1.41521997129333941e-07
3.89949748743718594e+00 -1.61632754228573677e-07 1.30303212411042140e-07
3.91959798994974884e+00 -1.59783271150796428e-07 1.09453984687377418e-07
3.93969849246231174e+00 -1.32387073098332855e-07 1.01252203433524069e-07
3.95979899497487420e+00 -1.33652802961566078e-07 9.73738203590246071e-08
3.97989949748743710e+00 -1.50604885263080331e-07 9.02286939438528679e-08
4.00000000000000000e+00 -1.64384721800943045e-07 7.07390114281771360e-08
