# SHG chi units=pm/V component=zxx
# full-BZ normalized susceptibility/conductivity
# energy_eV total_re total_im
0.00000000000000000e+00 -5.56468636406557832e-02 -1.01986367984873048e-05
2.01005025125628144e-02 -5.91103253757209457e-02 -1.98039377581010027e-02
4.02010050251256287e-02 -5.74064763429605676e-02 -9.94358713892703680e-03
6.03015075376884396e-02 -5.68698204163483323e-02 -6.65495393646209007e-03
8.04020100502512575e-02 -5.66396590997126984e-02 -5.01565716974959955e-03
1.00502512562814075e-01 -5.65431169977846856e-02 -4.03677106835230535e-03
1.20603015075376879e-01 -5.65225486979136216e-02 -3.38827055199753023e-03
1.40703517587939697e-01 -5.65532867858799110e-02 -2.92865360720750804e-03
1.60804020100502515e-01 -5.66230446903895346e-02 -2.58715910551105942e-03
1.80904522613065333e-01 -5.67250443833025308e-02 -2.32447740520504717e-03
2.01005025125628151e-01 -5.68552645026722744e-02 -2.11702824953208463e-03
2.21105527638190968e-01 -5.70111870127891912e-02 -1.94981260244126635e-03
2.41206030150753759e-01 -5.71911678573698012e-02 -1.81283801519092490e-03
2.61306532663316604e-01 -5.73940949824573166e-02 -1.69919364843565185e-03
2.81407035175879394e-01 -5.76191892483449014e-02 -1.60395024405423064e-03
3.01507537688442184e-01 -5.78658805753951636e-02 -1.52350012181901246e-03
3.21608040201005030e-01 -5.81337252206996016e-02 -1.45514471605569500e-03
3.41708542713567820e-01 -5.84223457926342504e-02 -1.39682773974433784e-03
3.61809045226130666e-01 -5.87313833615618619e-02 -1.34695735509056717e-03
3.81909547738693456e-01 -5.90604549709121129e-02 -1.30428456927964074e-03
4.02010050251256301e-01 -5.94091118478253868e-02 -1.26781818671510842e-03
4.22110552763819091e-01 -5.97767945222150432e-02 -1.23676414351709080e-03
4.42211055276381937e-01 -6.01627812924531574e-02 -1.21048147790855649e-03
4.62311557788944727e-01 -6.05661262011151502e-02 -1.18844988660135706e-03
4.82412060301507517e-01 -6.09855819447090858e-02 -1.17024550294399362e-03
5.02512562814070307e-01 -6.14195018835743678e-02 -1.15552261119074968e-03
5.22613065326633208e-01 -6.18657133941408408e-02 -1.14399971825330550e-03
5.42713567839195998e-01 -6.23213519531856039e-02 -1.13544887497813969e-03
5.62814070351758788e-01 -6.27826411374566573e-02 -1.12968746025125734e-03
5.82914572864321578e-01 -6.32445974771715796e-02 -1.12657186302493584e-03
6.03015075376884369e-01 -6.37006297171490016e-02 -1.12599265410528006e-03
6.23115577889447270e-01 -6.41419877123263343e-02 -1.12787095234356274e-03
6.43216080402010060e-01 -6.45569938998011850e-02 -1.13215577220513396e-03
6.63316582914572850e-01 -6.49299548995994902e-02 -1.13882220259296004e-03
6.83417085427135640e-01 -6.52395932531433936e-02 -1.14787031491961713e-03
7.03517587939698541e-01 -6.54567432617578354e-02 -1.15932473829077356e-03
7.23618090452261331e-01 -6.55408897931917672e-02 -1.17323487351621834e-03
7.43718592964824121e-01 -6.54348356551478355e-02 -1.18967574754030706e-03
7.63819095477386911e-01 -6.50562426181373471e-02 -1.20874953849868625e-03
7.83919597989949701e-01 -6.42837532145202062e-02 -1.23058782585398980e-03
8.04020100502512602e-01 -6.29333158567124407e-02 -1.25535463484235683e-03
8.24120603015075393e-01 -6.07159516509403335e-02 -1.28325033001064088e-03
8.44221105527638183e-01 -5.71586262267253023e-02 -1.31451631180756908e-03
8.64321608040200973e-01 -5.14491966342914553e-02 -1.34941965172012701e-03
8.84422110552763874e-01 -4.21340663999827392e-02 -1.37012916557552431e-03
9.04522613065326664e-01 -2.67473335686238475e-02 9.33508434542523703e-04
9.24623115577889454e-01 -5.36582259403687277e-03 4.74133617804148033e-02
9.44723618090452244e-01 -2.13934092425344599e-02 1.97929381694873591e-01
9.64824120603015034e-01 -9.93856075795113564e-02 2.66509104573097677e-01
9.84924623115577935e-01 -1.69605256252415321e-01 2.44393463195032523e-01
1.00502512562814061e+00 -2.28414702395955793e-01 2.16082593553494129e-01
1.02512562814070352e+00 -2.83445403835590193e-01 1.88613930539871244e-01
1.04522613065326642e+00 -3.41194920150295455e-01 1.56254814885552762e-01
1.06532663316582910e+00 -4.01546744618197393e-01 4.74757638509193183e-02
1.08542713567839200e+00 -3.92573801035308756e-01 -2.06929688386650629e-01
1.10552763819095468e+00 -2.97358762358292061e-01 -3.05214834416795144e-01
1.12562814070351758e+00 -2.23485758083216829e-01 -2.69679909132445328e-01
1.14572864321608048e+00 -1.77007844980855200e-01 -2.30143930726896623e-01
1.16582914572864316e+00 -1.50957368465913677e-01 -1.98960090901921710e-01
1.18592964824120606e+00 -1.28050539164015431e-01 -1.62094951420199807e-01
1.20603015075376874e+00 -1.17125696235225438e-01 -1.19068124557812891e-01
1.22613065326633164e+00 -1.37277120468340424e-01 -4.30187619536854804e-02
1.24623115577889454e+00 -1.70472551316988186e-01 3.13224572461056894e-02
1.26633165829145722e+00 -2.60721781328622670e-01 7.47535128741460969e-02
1.28643216080402012e+00 -3.46503332539677134e-01 7.47071187699095279e-02
1.30653266331658302e+00 -4.69444582816947065e-01 -5.32513560056772223e-03
1.32663316582914570e+00 -5.51854491758548282e-01 -1.95139604891172630e-01
1.34673366834170860e+00 -5.83874779809887667e-01 -5.80336493221176530e-01
1.36683417085427128e+00 -4.41844755573803594e-01 -1.01526850445517658e+00
1.38693467336683418e+00 -1.60954844089272880e-01 -1.35556543664966900e+00
1.40703517587939708e+00 2.16132975640325908e-01 -1.49002313327092639e+00
1.42713567839195976e+00 5.80450938382765846e-01 -1.49888834025310658e+00
1.44723618090452266e+00 1.00777209457358885e+00 -7.36237180420603377e-01
1.46733668341708534e+00 8.47202583753864480e-01 2.57502357739136711e-01
1.48743718592964824e+00 6.28682595496796948e-01 1.97896890922953539e-01
1.50753768844221114e+00 5.60004903860199632e-01 2.04966590095364165e-01
1.52763819095477382e+00 5.14291359655373537e-01 2.42830573906224811e-01
1.54773869346733672e+00 4.45279766710467872e-01 3.42157429984695449e-01
1.56783919597989940e+00 3.75658825160719079e-01 3.81698736400047867e-01
1.58793969849246230e+00 3.45920349029923080e-01 5.64326060939499885e-01
1.60804020100502520e+00 1.99098369615108406e-01 8.61850936551534108e-01
1.62814070351758788e+00 -1.01513093375778019e-01 1.12106169869278216e+00
1.64824120603015079e+00 -3.78794088532412032e-01 8.00299908824367967e-01
1.66834170854271346e+00 -5.28370553135024901e-01 5.46190411345657267e-01
1.68844221105527637e+00 -5.88810210689699298e-01 1.99121052969922524e-01
1.70854271356783927e+00 -5.64523094600340558e-01 5.16012393063672511e-02
1.72864321608040195e+00 -5.66450525046393150e-01 -4.52776617888542149e-02
1.74874371859296485e+00 -5.40039709354433572e-01 -3.65042144410829439e-01
1.76884422110552775e+00 -3.59318511969945797e-01 -6.24985757280694609e-01
1.78894472361809043e+00 -1.41743644377241074e-01 -4.02524348212362604e-01
1.80904522613065333e+00 -1.99341454564790133e-01 -1.81870795686225432e-02
1.82914572864321601e+00 -2.58543267094660356e-01 -2.62878179269181278e-01
1.84924623115577891e+00 -1.66933515490061052e-01 -4.46718014935155450e-01
1.86934673366834181e+00 -3.70245702042228189e-02 -2.84406398571864283e-01
1.88944723618090449e+00 -1.17247620369936897e-01 1.23570740461455275e-01
1.90954773869346739e+00 -2.56415851167793141e-01 4.79372452035877403e-02
1.92964824120603007e+00 -3.44667976539846710e-01 2.10439523295329403e-02
1.94974874371859297e+00 -4.34189221331892305e-01 -1.46540229904598418e-01
1.96984924623115587e+00 -4.76541755817918689e-01 -2.26110240372187271e-01
1.98994974874371855e+00 -5.56325053719143758e-01 -4.14160286934331712e-01
2.01005025125628123e+00 -5.33768028473923906e-01 -8.87663218435563950e-01
2.03015075376884413e+00 -2.55239887595407167e-01 -1.58263460902762820e+00
2.05025125628140703e+00 2.37979402489951780e-01 -1.30128859850212075e+00
2.07035175879396993e+00 2.92628209890064328e-01 -9.39228093422207033e-01
2.09045226130653283e+00 4.91792741231251773e-01 -9.71990354131470724e-01
2.11055276381909529e+00 6.31628891127252845e-01 -4.91187857343266809e-01
2.13065326633165819e+00 4.97172374960296592e-01 -1.03505410227372127e-01
2.15075376884422109e+00 3.46781739694603519e-01 -2.74422393070512138e-01
2.17085427135678399e+00 4.04345224592315089e-01 -4.40973681941419116e-01
2.19095477386934689e+00 4.15505024247433685e-01 -3.17067310003806779e-01
2.21105527638190935e+00 3.74021448220866692e-01 -4.15455405043031967e-01
2.23115577889447225e+00 5.26773157339530562e-01 -3.96202444243283269e-01
2.25125628140703515e+00 3.90289646731094786e-01 -6.70088015439605278e-01
2.27135678391959805e+00 9.46833444977700389e-01 -1.20550106316887429e+00
2.29145728643216096e+00 1.28306408365083757e+00 -8.41890358183793874e-01
2.31155778894472341e+00 1.75087626169397881e+00 3.92634762288462891e-01
2.33165829145728631e+00 1.21293685764089343e+00 1.92998039146174305e+00
2.35175879396984921e+00 5.98283213499533395e-01 2.23446477640273455e+00
2.37185929648241212e+00 -7.03315809713613294e-02 1.92659416685767826e+00
2.39195979899497502e+00 -4.45946105948186122e-01 1.71588374890071438e+00
2.41206030150753747e+00 -9.89365566158551424e-01 1.39070937252640681e+00
2.43216080402010038e+00 -1.19296615877741541e+00 1.51607197593523924e-01
2.45226130653266328e+00 -9.07855950771884079e-01 -8.35418887583934899e-01
2.47236180904522618e+00 -4.39107492140431321e-01 -9.54915913625067114e-01
2.49246231155778908e+00 -1.84921501739006122e-01 -2.89937447203300058e-01
2.51256281407035198e+00 -2.78206379909203161e-01 9.60219426163536838e-01
2.53266331658291444e+00 -1.33083669213169742e+00 2.28605114283623712e+00
2.55276381909547734e+00 -2.60374648664380581e+00 3.43081969302373391e-01
2.57286432160804024e+00 -2.17903551914816207e+00 -4.47336196671492647e+00
2.59296482412060314e+00 6.88401250381931590e-02 -5.20540975644383419e+00
2.61306532663316604e+00 8.45351325934589060e-01 -1.86750137862855037e+00
2.63316582914572850e+00 3.04744424231711108e-01 -8.09499476535138984e-01
2.65326633165829140e+00 -3.54086346008558317e-02 -3.28288719882933311e+00
2.67336683417085430e+00 1.35438748537091569e+00 -5.34729335581680676e+00
2.69346733668341720e+00 2.57001274708771232e+00 -6.15085027463587597e+00
2.71356783919598010e+00 4.98889564027157295e+00 -7.24831709819591463e+00
2.73366834170854256e+00 7.72908067083429184e+00 -3.66579635992367381e+00
2.75376884422110546e+00 7.95045167742478043e+00 5.82319600714430230e+00
2.77386934673366836e+00 4.60658547312485389e+00 1.15533518389485970e+01
2.79396984924623126e+00 1.57230627572576886e+00 1.19461150421080298e+01
2.81407035175879416e+00 -1.43850195844213546e+00 1.18749336427483190e+01
2.83417085427135662e+00 -3.65219159778417657e+00 6.99809037010170165e+00
2.85427135678391952e+00 -2.47314184769014078e+00 -2.46568062991237147e+00
2.87437185929648242e+00 7.57679132964307445e-01 7.74945788839861649e-01
2.89447236180904532e+00 -7.64754027491649363e-02 5.21654089334450255e+00
2.91457286432160823e+00 -2.11907157242586974e+00 5.25047038005091515e+00
2.93467336683417068e+00 -3.37985673463072622e+00 4.69344624353906059e-01
2.95477386934673358e+00 -3.04507824504518032e+00 -8.48293858219138386e-01
2.97487437185929648e+00 -2.60469704215208031e+00 -1.91692973274397660e-01
2.99497487437185939e+00 -3.05523919610069505e+00 -6.20523665546017789e-02
3.01507537688442229e+00 -2.56829665564743781e+00 -1.65662998034090303e+00
3.03517587939698474e+00 -2.10941989125153739e+00 -1.47526040879656573e+00
3.05527638190954764e+00 -1.90666457164845649e+00 -1.67274270008385972e+00
3.07537688442211055e+00 -1.39627225147412592e+00 -1.89484832208865761e+00
3.09547738693467345e+00 -1.29634726805648803e+00 -1.26375828573312887e+00
3.11557788944723635e+00 -1.36932532793832018e+00 -1.17360229133885530e+00
3.13567839195979881e+00 -1.33390654950198506e+00 -1.87420191147354198e+00
3.15577889447236171e+00 -1.02268899192613594e+00 -2.26816979069688518e+00
3.17587939698492461e+00 -6.12537039572846220e-01 -2.33625869829985433e+00
3.19597989949748751e+00 -2.61574961607474510e-01 -1.83173777784646252e+00
3.21608040201005041e+00 -2.40759153968282069e-01 -1.56769027405172467e+00
3.23618090452261287e+00 -1.71818186771496351e-01 -1.82883525316324880e+00
3.25628140703517577e+00 1.82172956258336238e-01 -2.58505076025017999e+00
3.27638190954773867e+00 9.41090109532290553e-01 -2.44050300957471844e+00
3.29648241206030157e+00 1.28360172635474967e+00 -1.41743994538485629e+00
3.31658291457286447e+00 1.40389195357496188e+00 -8.48582916853241054e-01
3.33668341708542693e+00 1.36674549527159628e+00 -5.18122190329674881e-01
3.35678391959798983e+00 1.33675060249053024e+00 -5.68007449224514349e-02
3.37688442211055273e+00 1.15888408088132921e+00 1.71865370776637910e-01
3.39698492462311563e+00 1.02267998564378937e+00 3.54980955688597333e-01
3.41708542713567853e+00 7.68572792956045414e-01 6.48018890590330465e-01
3.43718592964824099e+00 6.51483174798270337e-01 4.04349706287973065e-01
3.45728643216080389e+00 5.29418003376000978e-01 6.70509370440129038e-01
3.47738693467336679e+00 3.80644651766816389e-01 7.34097351988572067e-01
3.49748743718592969e+00 2.44954777839277216e-01 6.18809776660670163e-01
3.51758793969849259e+00 1.83970806133906983e-01 7.38024367041901996e-01
3.53768844221105550e+00 1.49919407169979285e-02 6.82080562297958770e-01
3.55778894472361795e+00 -2.77879652554387027e-02 5.11246473178266103e-01
3.57788944723618085e+00 -8.08283274964149978e-02 7.02118477874809077e-01
3.59798994974874375e+00 -2.57503298084512222e-01 6.40133096210434238e-01
3.61809045226130666e+00 -3.73199835866219298e-01 6.53184340711749467e-01
3.63819095477386956e+00 -5.34219472656645156e-01 4.01063974552949953e-01
3.65829145728643201e+00 -5.55122268580451994e-01 2.02442477003324101e-01
3.67839195979899491e+00 -5.69347083672409826e-01 -1.54247005992939085e-01
3.69849246231155782e+00 -4.09102422636673735e-01 -2.15920651902715310e-01
3.71859296482412072e+00 -4.22663296315457182e-01 -6.08309445915213645e-02
3.73869346733668362e+00 -4.39440079748994905e-01 -2.31794384883178523e-01
3.75879396984924607e+00 -4.05451617465467429e-01 -4.76734132693902857e-01
3.77889447236180898e+00 -2.47646781560115714e-01 -7.00765956378101573e-01
3.79899497487437188e+00 -7.89762324229935087e-02 -6.00368699321909838e-01
3.81909547738693478e+00 -5.11872924150071074e-03 -4.83098973921471664e-01
3.83919597989949768e+00 3.79533223585676316e-02 -3.96044338571913013e-01
3.85929648241206014e+00 5.17219411688592118e-02 -3.71217513845506719e-01
3.87939698492462304e+00 8.28886128829708496e-02 -2.46384835057484652e-01
3.89949748743718594e+00 1.87146941135621914e-02 -2.26369029702740809e-01
3.91959798994974884e+00 4.94334201664539952e-02 -2.90969405192156805e-01
3.93969849246231174e+00 6.05027523706224979e-02 -1.62460680179138062e-01
3.95979899497487420e+00 -6.49790759582838384e-03 -7.43398483458578563e-02
3.97989949748743710e+00 -4.59813452101280884e-02 -1.15627092242989615e-01
4.00000000000000000e+00 -7.89335854132828807e-02 -1.16448499787877482e-01
