# SHG sigma units=A/V^2 component=yxy
# full-BZ normalized susceptibility/conductivity
# energy_eV total_re total_im
0.00000000000000000e+00 4.76142783052182257e-12 5.21577817592520714e-12
2.01005025125628144e-02 3.57949531213638744e-12 4.86031000153348574e-13
4.02010050251256287e-02 3.58046738866545315e-12 1.41842597875827183e-12
6.03015075376884396e-02 3.58518786255768088e-12 2.36712977951929371e-12
8.04020100502512575e-02 3.59214783545154230e-12 3.32694204632243369e-12
1.00502512562814075e-01 3.60117805768242933e-12 4.29908709318110951e-12
1.20603015075376879e-01 3.61225599034865161e-12 5.28551016059639271e-12
1.40703517587939697e-01 3.62539483955734654e-12 6.28835604595672927e-12
1.60804020100502515e-01 3.64062250337972076e-12 7.30987853347712979e-12
1.80904522613065333e-01 3.65797602844801984e-12 8.35242431438157794e-12
2.01005025125628151e-01 3.67749994019795094e-12 9.41843576670392209e-12
2.21105527638190968e-01 3.69924581712088901e-12 1.05104600834611732e-11
2.41206030150753759e-01 3.72327235695605731e-12 1.16311612558231603e-11
2.61306532663316604e-01 3.74964569091077688e-12 1.27833338194975602e-11
2.81407035175879394e-01 3.77843985205102312e-12 1.39699180419443037e-11
3.01507537688442184e-01 3.80973737404308085e-12 1.51940165138848792e-11
3.21608040201005030e-01 3.84363001149349432e-12 1.64589122301871675e-11
3.41708542713567820e-01 3.88021958656521155e-12 1.77680883155973357e-11
3.61809045226130666e-01 3.91961898657082700e-12 1.91252495955339457e-11
3.81909547738693456e-01 3.96195332232594157e-12 2.05343462545515669e-11
4.02010050251256301e-01 4.00736128862733725e-12 2.19995998681833443e-11
4.22110552763819091e-01 4.05599675871088335e-12 2.35255321439406720e-11
4.42211055276381937e-01 4.10803065475231396e-12 2.51169967736139735e-11
4.62311557788944727e-01 4.16365316372213203e-12 2.67792148802784690e-11
4.82412060301507517e-01 4.22307636451361705e-12 2.85178146599048892e-11
5.02512562814070307e-01 4.28653736769753013e-12 3.03388759802449424e-11
5.22613065326633208e-01 4.35430208192949325e-12 3.22489809455120087e-11
5.42713567839195998e-01 4.42666977424419969e-12 3.42552718072381833e-11
5.62814070351758788e-01 4.50397862033499939e-12 3.63655182075378874e-11
5.82914572864321578e-01 4.58661251910206796e-12 3.85881967357056797e-11
6.03015075376884369e-01 4.67500952774915336e-12 4.09325874887075487e-11
6.23115577889447270e-01 4.76967239843182306e-12 4.34088953365538357e-11
6.43216080402010060e-01 4.87118187064872354e-12 4.60284090652490221e-11
6.63316582914572850e-01 4.98021361704446516e-12 4.88037217937622684e-11
6.83417085427135640e-01 5.09756009107270574e-12 5.17490557463201788e-11
7.03517587939698541e-01 5.22415905190445420e-12 5.48807735272204390e-11
7.23618090452261331e-01 5.36113131530725607e-12 5.82182381561093745e-11
7.43718592964824121e-01 5.50983143993375820e-12 6.17853542192488683e-11
7.63819095477386911e-01 5.67191692546281621e-12 6.56134972896944083e-11
7.83919597989949701e-01 5.84944439491762812e-12 6.97473969221464665e-11
8.04020100502512602e-01 6.04500606340694867e-12 7.42575758369766281e-11
8.24120603015075393e-01 6.26192798133639837e-12 7.92678983649619377e-11
8.44221105527638183e-01 6.50456588516814844e-12 8.50184654348018862e-11
8.64321608040200973e-01 6.77850376005427249e-12 9.20042748758956093e-11
8.84422110552763874e-01 6.88287589492665887e-12 1.01162400725742891e-10
9.04522613065326664e-01 -1.60460022525804672e-11 1.12235347082494452e-10
9.24623115577889454e-01 -3.43060899713783338e-10 8.69619833736128905e-11
9.44723618090452244e-01 -4.32328534628127445e-10 -2.62464983226393884e-10
9.64824120603015034e-01 1.14702197991476934e-09 -1.94117535580653754e-10
9.84924623115577935e-01 1.44372659138133087e-09 5.57992816031560896e-10
1.00502512562814061e+00 2.56153283928058239e-10 9.89807277123806775e-10
1.02512562814070352e+00 -9.54751963543656096e-10 8.56662974140454637e-10
1.04522613065326642e+00 -1.55115166326846348e-09 3.65957591404448572e-10
1.06532663316582910e+00 -1.64165484324421835e-09 -1.94619152191120983e-10
1.08542713567839200e+00 -1.35075189485466269e-09 -7.70100580309203170e-10
1.10552763819095468e+00 -4.76924328835163109e-11 -1.15121934266591981e-09
1.12562814070351758e+00 1.36258335135751060e-09 -9.60629055343254569e-10
1.14572864321608048e+00 2.14419515279285064e-09 -3.53791430983470378e-10
1.16582914572864316e+00 2.36376519895677689e-09 4.42939227404948153e-10
1.18592964824120606e+00 2.11622157389560929e-09 1.11014937258114640e-09
1.20603015075376874e+00 1.39702163471055125e-09 1.73383344328043951e-09
1.22613065326633164e+00 6.67186870309682839e-10 2.08863951717164436e-09
1.24623115577889454e+00 -4.48304986713051985e-10 2.19898388312813166e-09
1.26633165829145722e+00 -1.20509351804441205e-09 2.08103607257595391e-09
1.28643216080402012e+00 -2.22811076013139903e-09 1.73889743233695562e-09
1.30653266331658302e+00 -2.66335248379976601e-09 1.19301579046486841e-09
1.32663316582914570e+00 -2.86755453383509243e-09 5.65690010979716213e-10
1.34673366834170860e+00 -2.39051927714936048e-09 6.90965420784442709e-11
1.36683417085427128e+00 -1.78816819481066432e-09 -1.46954279787868223e-10
1.38693467336683418e+00 -3.31235901748099567e-09 -2.86664398136003887e-10
1.40703517587939708e+00 -3.36320457013898042e-09 -1.77589395514466323e-09
1.42713567839195976e+00 7.02363057659032984e-10 -2.14689626284978030e-09
1.44723618090452266e+00 2.53031233427263101e-09 -5.02762937868271184e-10
1.46733668341708534e+00 7.68323118147604842e-10 4.62725791367782254e-10
1.48743718592964824e+00 -4.75369415786597956e-10 7.08867840949269728e-10
1.50753768844221114e+00 -1.49847536454005957e-09 6.39606590593796189e-10
1.52763819095477382e+00 -2.20020103855679358e-09 3.27024589375989369e-10
1.54773869346733672e+00 -2.81305106340657801e-09 -2.75126001969347753e-10
1.56783919597989940e+00 -2.84432424783143360e-09 -1.05543446475771413e-09
1.58793969849246230e+00 -1.77479648397642776e-09 -1.44166823916335982e-09
1.60804020100502520e+00 -8.82238797466547074e-10 -1.70553524121452342e-09
1.62814070351758788e+00 -5.11203254393917193e-10 -1.39329348124560853e-09
1.64824120603015079e+00 -3.01621070131411442e-10 -9.59915448071772020e-10
1.66834170854271346e+00 -3.42096028432921202e-10 -9.20065583676702809e-10
1.68844221105527637e+00 -1.03945349567914746e-09 -1.15620027476829108e-09
1.70854271356783927e+00 -1.31157058172239409e-09 -1.62295450904221656e-09
1.72864321608040195e+00 -1.30466656915871666e-10 -1.93579638204663083e-09
1.74874371859296485e+00 1.78472842887989998e-09 -1.51538377651661224e-09
1.76884422110552775e+00 1.81467937607207756e-09 -3.44176693883394170e-10
1.78894472361809043e+00 5.13798280195359395e-10 -4.81696714473880636e-12
1.80904522613065333e+00 -4.06615190642861420e-10 4.13483564141612047e-10
1.82914572864321601e+00 -1.72871902589630903e-09 4.01268850279158590e-11
1.84924623115577891e+00 -1.89236493784344745e-09 -3.24014478590773183e-10
1.86934673366834181e+00 -2.35737596498441395e-09 -9.43996937924518916e-10
1.88944723618090449e+00 -1.37943987041160030e-09 -1.09758293572564253e-09
1.90954773869346739e+00 -3.57819487492871971e-09 -1.32289808950502797e-09
1.92964824120603007e+00 -5.32827598109827625e-09 -2.86330330330972711e-09
1.94974874371859297e+00 -4.53464696121522712e-09 -4.72431376764843991e-09
1.96984924623115587e+00 -2.18731709946981875e-09 -5.85763401871450744e-09
1.98994974874371855e+00 3.00492105572472348e-10 -6.46546671100519157e-09
2.01005025125628123e+00 3.62452725721200831e-09 -6.10022607964795570e-09
2.03015075376884413e+00 5.51973624318856993e-09 -4.94731230760528535e-09
2.05025125628140703e+00 6.41229949421234642e-09 -3.60325242496974865e-09
2.07035175879396993e+00 5.75891318395051082e-09 -2.61916533413529699e-09
2.09045226130653283e+00 6.20134780370579439e-09 -2.01246275921869254e-09
2.11055276381909529e+00 8.62118048020562208e-09 -1.03955155788509099e-09
2.13065326633165819e+00 1.02032978923122986e-08 1.18536884493412575e-09
2.15075376884422109e+00 1.08065153107845043e-08 4.20363297338490422e-09
2.17085427135678399e+00 4.79244489064735208e-09 6.14355654543103352e-09
2.19095477386934689e+00 1.47246141400633285e-09 6.01808018426698135e-09
2.21105527638190935e+00 -1.39840368795346846e-09 5.51701163915864526e-09
2.23115577889447225e+00 -3.64573457390159782e-09 4.04621474097022273e-09
2.25125628140703515e+00 -4.93876426300330790e-09 2.44028882049657490e-09
2.27135678391959805e+00 -5.92349536565933326e-09 6.15362307034410457e-10
2.29145728643216096e+00 -6.53132486795057455e-09 -1.85895532901505582e-09
2.31155778894472341e+00 -7.12089561423572492e-09 -4.22925795835107453e-09
2.33165829145728631e+00 1.90686579460249095e-10 -5.78280960955621091e-09
2.35175879396984921e+00 1.17785731782033611e-08 -5.26100548040928022e-10
2.37185929648241212e+00 -1.83546259290342747e-09 3.35002369561048741e-09
2.39195979899497502e+00 -3.03005127466867517e-09 1.06404925662609724e-09
2.41206030150753747e+00 -2.90580247322236032e-09 4.70323234149003330e-10
2.43216080402010038e+00 -1.60964491630519021e-09 -2.23876324183238144e-09
2.45226130653266328e+00 2.30882353907088628e-09 -2.06347758088587814e-09
2.47236180904522618e+00 1.02652978340049196e-09 -1.57176332136881999e-09
2.49246231155778908e+00 3.61411673250486796e-09 -1.42952399529707546e-09
2.51256281407035198e+00 1.48642130724717204e-09 5.36314465524030931e-10
2.53266331658291444e+00 -1.43151203801412561e-09 -4.62641312452710572e-10
2.55276381909547734e+00 6.29531461913712629e-10 -1.42743722522257148e-09
2.57286432160804024e+00 1.55294272729298153e-09 -1.62475912068586310e-09
2.59296482412060314e+00 3.29277347118860596e-09 -1.65869618225950135e-09
2.61306532663316604e+00 2.91459048766493683e-09 -1.07984053054759372e-09
2.63316582914572850e+00 1.92605785560320029e-09 -1.54138098683265696e-09
2.65326633165829140e+00 1.04141069649882596e-09 -2.57852253734590296e-09
2.67336683417085430e+00 -1.07976247994217520e-09 -5.07370971871579739e-09
2.69346733668341720e+00 -1.15967914965061770e-08 -1.01066007635834555e-08
2.71356783919598010e+00 -4.07704502174286178e-08 -2.28634399714859484e-08
2.73366834170854256e+00 -2.47722763120084709e-08 -4.61747806081917494e-08
2.75376884422110546e+00 9.04849967296137904e-08 -2.77562123231366325e-08
2.77386934673366836e+00 8.80179558165995001e-08 3.65741492725216722e-08
2.79396984924623126e+00 -1.26508827123058114e-08 5.06829792208740595e-08
2.81407035175879416e+00 -3.59207993935678370e-08 3.66378140436153813e-08
2.83417085427135662e+00 -1.98685289066569158e-08 1.47474627160462086e-08
2.85427135678391952e+00 8.29424092522561431e-09 1.42837446420116004e-08
2.87437185929648242e+00 -9.81373678865306380e-09 1.12999143909532856e-08
2.89447236180904532e+00 -2.64158888329070465e-10 5.32344986331375921e-09
2.91457286432160823e+00 1.09837252837022285e-08 9.39394337372530906e-09
2.93467336683417068e+00 -6.15154319478990554e-09 1.56236903868926370e-08
2.95477386934673358e+00 -3.83781411617074164e-10 7.77507785309632990e-09
2.97487437185929648e+00 2.89819048895105480e-08 1.97089273485448244e-08
2.99497487437185939e+00 -4.51210227342036237e-08 1.79901372525746022e-08
3.01507537688442229e+00 -6.30365469720546842e-08 -2.13272273341125886e-08
3.03517587939698474e+00 1.95148739067189872e-08 -3.26207754283601546e-08
3.05527638190954764e+00 2.79506178045493880e-08 -1.69010548038806562e-08
3.07537688442211055e+00 1.08682066198926645e-08 -6.65209314194492895e-09
3.09547738693467345e+00 -4.77769359106246959e-09 -2.47627815190975519e-09
3.11557788944723635e+00 -2.61742217970517144e-08 -1.00191226336064702e-08
3.13567839195979881e+00 1.88315964655764635e-08 -1.91142901262909463e-08
3.15577889447236171e+00 3.23009842183967855e-08 4.15899249640231306e-09
3.17587939698492461e+00 -5.28451279888690528e-11 1.12754779544192680e-08
3.19597989949748751e+00 -1.21031427738214526e-08 4.13878231581708128e-09
3.21608040201005041e+00 2.83548494724599122e-09 5.11970992660370538e-10
3.23618090452261287e+00 1.48096686180316756e-08 4.57487876661881686e-09
3.25628140703517577e+00 8.37746483651503492e-09 1.17175107461613143e-08
3.27638190954773867e+00 -3.56537214842038222e-10 1.45637335067286395e-08
3.29648241206030157e+00 -3.94070820869035370e-09 1.65234452916480597e-08
3.31658291457286447e+00 1.07494986772635373e-08 2.27376541741680764e-08
3.33668341708542693e+00 3.15283936747396686e-08 4.20585302484403506e-08
3.35678391959798983e+00 5.15499324289854410e-08 7.12260699434296154e-08
3.37688442211055273e+00 2.03156317237452910e-07 1.10575043741218157e-07
3.39698492462311563e+00 -9.44892547126010379e-08 2.11493823415298025e-07
3.41708542713567853e+00 -5.28648762291568085e-07 -7.64485358507615127e-08
3.43718592964824099e+00 3.88830162046086666e-08 -1.78960257142631152e-07
3.45728643216080389e+00 1.65877078570323975e-07 -1.23967950441686302e-07
3.47738693467336679e+00 1.02126363727708230e-07 -4.07868574850800961e-08
3.49748743718592969e+00 -5.48977500955794552e-09 -1.29281376417070727e-08
3.51758793969849259e+00 -1.54699838183266699e-08 -1.39859470916736512e-08
3.53768844221105550e+00 8.19029462609059988e-10 -7.82254488144046802e-09
3.55778894472361795e+00 -1.54709019606861460e-09 -6.45512197670644149e-09
3.57788944723618085e+00 2.78772817856994452e-10 -3.69876438578857128e-09
3.59798994974874375e+00 -3.09113389255008617e-09 -2.09758866870237454e-09
3.61809045226130666e+00 -6.07527721616813374e-10 -2.06417114581811425e-09
3.63819095477386956e+00 8.21813890428441422e-09 1.50338522793996683e-09
3.65829145728643201e+00 1.06818076201977513e-08 7.48173479330010530e-09
3.67839195979899491e+00 -3.09061642771302196e-08 7.36097675341513401e-09
3.69849246231155782e+00 -1.93129670657773775e-08 -1.63873312090587257e-08
3.71859296482412072e+00 1.01622125291637201e-08 -1.21948866552887071e-08
3.73869346733668362e+00 7.69810581004170329e-10 -9.15560854803342228e-09
3.75879396984924607e+00 6.87182821774017045e-09 -7.76109699823266109e-09
3.77889447236180898e+00 4.03683247709673325e-09 -1.66673737403005965e-11
3.79899497487437188e+00 -4.31506720255536606e-09 -7.32765362716113874e-10
3.81909547738693478e+00 2.22083420361340385e-09 -3.42518537534042382e-10
3.83919597989949768e+00 -1.43442454441506262e-10 9.67323788793818521e-10
3.85929648241206014e+00 -1.42937602567395394e-09 1.34173060404139919e-10
3.87939698492462304e+00 -5.68341250063355324e-10 -6.31086515108439889e-10
3.89949748743718594e+00 4.74111304388153476e-10 -8.00339073879389849e-10
3.91959798994974884e+00 1.88962601020311299e-10 -7.24457029794586862e-10
3.93969849246231174e+00 -9.02639443407964256e-10 -9.15187223672939114e-10
3.95979899497487420e+00 -1.19560246646528160e-09 -1.51059036118675623e-09
3.97989949748743710e+00 -2.94083681222031490e-10 -1.86012543534293802e-09
4.00000000000000000e+00 5.23228459588921249e-10 -1.84903283156556211e-09
