# SHG chi units=pm/V component=xxy
# full-BZ normalized susceptibility/conductivity
# energy_eV total_re total_im
0.00000000000000000e+00 1.39971819585645232e+01 1.39360279771844018e-06
2.01005025125628144e-02 1.39684560385732794e+01 1.33877120663068337e-03
4.02010050251256287e-02 1.39738696645638605e+01 6.70914246397096188e-04
6.03015075376884396e-02 1.39702449619767961e+01 4.47842176446241569e-04
8.04020100502512575e-02 1.39606516685979347e+01 3.36254271693086238e-04
1.00502512562814075e-01 1.39463412235505029e+01 2.69287366220126868e-04
1.20603015075376879e-01 1.39277184540838714e+01 2.24635493366984141e-04
1.40703517587939697e-01 1.39048869115990286e+01 1.92735331445379745e-04
1.60804020100502515e-01 1.38778140783563728e+01 1.68804044665651703e-04
1.80904522613065333e-01 1.38463900810109628e+01 1.50183923180578283e-04
2.01005025125628151e-01 1.38104512096860788e+01 1.35279945104152413e-04
2.21105527638190968e-01 1.37697898364707711e+01 1.23076763760749020e-04
2.41206030150753759e-01 1.37241583292647604e+01 1.12897169494753234e-04
2.61306532663316604e-01 1.36732699658609764e+01 1.04272014996792254e-04
2.81407035175879394e-01 1.36167981456826066e+01 9.68658771775487385e-05
3.01507537688442184e-01 1.35543744924499130e+01 9.04324467529272319e-05
3.21608040201005030e-01 1.34855861238023156e+01 8.47866388877000117e-05
3.41708542713567820e-01 1.34099722088222695e+01 7.97865395150449693e-05
3.61809045226130666e-01 1.33270198520364467e+01 7.53213607928081112e-05
3.81909547738693456e-01 1.32361592944760815e+01 7.13031908883803435e-05
4.02010050251256301e-01 1.31367583912950003e+01 6.76612073165691190e-05
4.22110552763819091e-01 1.30281163029329772e+01 6.43375314942636707e-05
4.42211055276381937e-01 1.29094563188269813e+01 6.12841986959328266e-05
4.62311557788944727e-01 1.27799177173848566e+01 5.84609014388099489e-05
4.82412060301507517e-01 1.26385465528893572e+01 5.58332759440689921e-05
5.02512562814070307e-01 1.24842852498501369e+01 5.33715756200326107e-05
5.22613065326633208e-01 1.23159608799825868e+01 5.10496205370153595e-05
5.42713567839195998e-01 1.21322720001372861e+01 4.88439442028332221e-05
5.62814070351758788e-01 1.19317739475585327e+01 4.67330784520581175e-05
5.82914572864321578e-01 1.17128625327342260e+01 4.46969310193363463e-05
6.03015075376884369e-01 1.14737561582949255e+01 4.27162182100562955e-05
6.23115577889447270e-01 1.12124765563020752e+01 4.07719195578897875e-05
6.43216080402010060e-01 1.09268286296490746e+01 3.88447226325600557e-05
6.63316582914572850e-01 1.06143803997230375e+01 3.69144227604497005e-05
6.83417085427135640e-01 1.02724449673757761e+01 3.49592384048376959e-05
7.03517587939698541e-01 9.89806798629610363e+00 3.29549898119662054e-05
7.23618090452261331e-01 9.48802697949117935e+00 3.08740721733397359e-05
7.43718592964824121e-01 9.03885395155581683e+00 2.86841263979089226e-05
7.63819095477386911e-01 8.54690222548355472e+00 2.63462642264578570e-05
7.83919597989949701e-01 8.00849646501587031e+00 2.38126359798706328e-05
8.04020100502512602e-01 7.42024033269115790e+00 2.10230093288343953e-05
8.24120603015075393e-01 6.77962880795965450e+00 1.78998351820518664e-05
8.44221105527638183e-01 6.08626652120402856e+00 1.43409443978478268e-05
8.64321608040200973e-01 5.34432979281343457e+00 1.02432117759962383e-05
8.84422110552763874e-01 4.56759721392256424e+00 4.56925003506178333e-05
9.04522613065326664e-01 3.78883089518798233e+00 7.40763286621510999e-03
9.24623115577889454e-01 3.05887542462047612e+00 2.44201508819879592e-01
9.44723618090452244e-01 2.19616306348355250e+00 1.86650037391378198e+00
9.64824120603015034e-01 2.76233439651479395e-01 5.15503704992109935e+00
9.84924623115577935e-01 -3.09864681190350000e+00 8.51500725916336876e+00
1.00502512562814061e+00 -7.87171484680036837e+00 1.13894728469046793e+01
1.02512562814070352e+00 -1.41406666540848107e+01 1.37930646473924892e+01
1.04522613065326642e+00 -2.22536993076321892e+01 1.56732357560425566e+01
1.06532663316582910e+00 -3.27414287768774130e+01 1.49628952506147623e+01
1.08542713567839200e+00 -4.40682712356040156e+01 3.46005981481058411e+00
1.10552763819095468e+00 -5.04459929183916174e+01 -1.77095701809733370e+01
1.12562814070351758e+00 -5.13640752974581503e+01 -3.79749076414274072e+01
1.14572864321608048e+00 -4.83066567161780966e+01 -5.33535381648789908e+01
1.16582914572864316e+00 -4.31559800377257261e+01 -6.74150070896312599e+01
1.18592964824120606e+00 -3.73258995964781661e+01 -7.47085513323311403e+01
1.20603015075376874e+00 -3.06461598518265319e+01 -8.51596999619683146e+01
1.22613065326633164e+00 -2.40036384111160501e+01 -8.60909783815128407e+01
1.24623115577889454e+00 -1.99398556111225211e+01 -9.29574045024664173e+01
1.26633165829145722e+00 -1.37186477313978870e+01 -9.43258736823351285e+01
1.28643216080402012e+00 -1.21264196117207455e+01 -9.23667425901502952e+01
1.30653266331658302e+00 -1.01447831343678221e+01 -1.03102020714705816e+02
1.32663316582914570e+00 -7.66235830509760163e+00 -1.00661960238452991e+02
1.34673366834170860e+00 -1.52528776065916247e+01 -9.28834415899157193e+01
1.36683417085427128e+00 -2.51717727066545329e+01 -1.28241118827831912e+02
1.38693467336683418e+00 -1.39856510204034752e+01 -1.96218627149534399e+02
1.40703517587939708e+00 1.62870511554522892e+01 -2.26158027529467063e+02
1.42713567839195976e+00 5.01455301268761175e+01 -2.55333490923994674e+02
1.44723618090452266e+00 9.52452040287362536e+01 -2.62101915726035486e+02
1.46733668341708534e+00 1.31705491284705744e+02 -2.24515535087374786e+02
1.48743718592964824e+00 1.53076997215745109e+02 -1.93847873294233267e+02
1.50753768844221114e+00 1.66527574386355241e+02 -1.64195155277847675e+02
1.52763819095477382e+00 1.72652636901313826e+02 -1.46783803985567971e+02
1.54773869346733672e+00 1.80210576750600438e+02 -1.42420354959290364e+02
1.56783919597989940e+00 1.90116951571608922e+02 -1.35329125036856169e+02
1.58793969849246230e+00 1.99240708478448624e+02 -1.28268923667225863e+02
1.60804020100502520e+00 2.10731440453833159e+02 -1.22235983571976973e+02
1.62814070351758788e+00 2.21813632653882280e+02 -1.09721642420814561e+02
1.64824120603015079e+00 2.30820481250261366e+02 -1.06805346725711857e+02
1.66834170854271346e+00 2.45380880949994463e+02 -9.27594241601050840e+01
1.68844221105527637e+00 2.52598715657179184e+02 -7.68731146536029684e+01
1.70854271356783927e+00 2.61227406024225331e+02 -7.12889419869792818e+01
1.72864321608040195e+00 2.70867807614328512e+02 -6.60611166066793629e+01
1.74874371859296485e+00 2.85878302777149770e+02 -7.53169541166403462e+01
1.76884422110552775e+00 3.11363656062464599e+02 -7.32491431719796964e+01
1.78894472361809043e+00 3.37400641577916645e+02 -6.14367373495161218e+01
1.80904522613065333e+00 3.68466400120565140e+02 -4.65976826768245260e+01
1.82914572864321601e+00 4.04991156101810020e+02 -3.59733129863712620e+01
1.84924623115577891e+00 4.57871468613065190e+02 -4.81208751924588896e+00
1.86934673366834181e+00 4.97640559701728421e+02 1.78749820759750037e+02
1.88944723618090449e+00 4.41051635362675540e+02 3.61165241192151711e+02
1.90954773869346739e+00 3.71790556332686265e+02 3.75284660827904247e+02
1.92964824120603007e+00 3.27137963728871114e+02 3.90021698570249328e+02
1.94974874371859297e+00 2.86827370677488489e+02 4.14134312842467011e+02
1.96984924623115587e+00 2.28915298582415659e+02 4.80205203357731818e+02
1.98994974874371855e+00 1.62167056364620635e+02 4.28764120927369902e+02
2.01005025125628123e+00 1.43439379428161288e+02 3.88641768078500832e+02
2.03015075376884413e+00 1.10023750657953940e+02 4.12651456904344286e+02
2.05025125628140703e+00 8.42303782281625644e+01 3.65433733998474054e+02
2.07035175879396993e+00 8.15912363623015580e+01 3.61173944837948227e+02
2.09045226130653283e+00 6.04228519280158096e+01 3.93783836827312996e+02
2.11055276381909529e+00 3.77956317464239646e+01 3.79934164654276685e+02
2.13065326633165819e+00 2.11122541354794571e+01 4.02896207162480891e+02
2.15075376884422109e+00 -2.76635189970565420e+01 4.47229376678794893e+02
2.17085427135678399e+00 -8.73954769886712199e+01 3.88076241042357026e+02
2.19095477386934689e+00 -1.06742387221784270e+02 2.88588558190740741e+02
2.21105527638190935e+00 -1.02124531841901245e+02 2.55760415572822808e+02
2.23115577889447225e+00 -1.09070970984532266e+02 2.55476542998649620e+02
2.25125628140703515e+00 -1.15406784876745832e+02 2.28613091127175721e+02
2.27135678391959805e+00 -1.10930816234577748e+02 1.93907079498567214e+02
2.29145728643216096e+00 -9.66965717849311233e+01 1.87412240456916720e+02
2.31155778894472341e+00 -9.33175202094616054e+01 2.02347715951114708e+02
2.33165829145728631e+00 -9.65813732058614107e+01 2.07039147436404988e+02
2.35175879396984921e+00 -9.61880059564528977e+01 1.92514578486910324e+02
2.37185929648241212e+00 -9.05743697266600947e+01 1.97304013213153269e+02
2.39195979899497502e+00 -9.65874534457880856e+01 2.44079846599493436e+02
2.41206030150753747e+00 -1.26271475762000506e+02 2.45524972048331421e+02
2.43216080402010038e+00 -1.35375268552262554e+02 2.15450626717956823e+02
2.45226130653266328e+00 -1.50005016022421671e+02 2.33537392446372024e+02
2.47236180904522618e+00 -1.70316856671305089e+02 2.16066949034772193e+02
2.49246231155778908e+00 -1.78638361581338415e+02 1.74832081770794474e+02
2.51256281407035198e+00 -1.74862487525560653e+02 1.78801389305122171e+02
2.53266331658291444e+00 -1.91526432062762751e+02 1.77025715088783983e+02
2.55276381909547734e+00 -1.95962165471683278e+02 1.38020591726990489e+02
2.57286432160804024e+00 -1.96837853835897960e+02 1.30934090858297395e+02
2.59296482412060314e+00 -2.03113395374605403e+02 1.21689443304249025e+02
2.61306532663316604e+00 -2.06809503341140044e+02 1.03150509782930413e+02
2.63316582914572850e+00 -2.07121284703498930e+02 8.31604776955648646e+01
2.65326633165829140e+00 -2.01732147673398714e+02 6.75793993718542509e+01
2.67336683417085430e+00 -1.99776493831801787e+02 6.77817829243738714e+01
2.69346733668341720e+00 -2.01806823070352664e+02 5.99016550841251743e+01
2.71356783919598010e+00 -2.01848411594558826e+02 3.76436627301626601e+01
2.73366834170854256e+00 -1.98557967998726667e+02 1.87315755387894924e+01
2.75376884422110546e+00 -1.91464567237224486e+02 -7.59144985785116422e+00
2.77386934673366836e+00 -1.79144651814606931e+02 -2.54359019881643533e+01
2.79396984924623126e+00 -1.67080697714336651e+02 -2.71644792522873750e+01
2.81407035175879416e+00 -1.59470750777713135e+02 -2.33198266189689178e+01
2.83417085427135662e+00 -1.57586526913889003e+02 -1.74739796488332821e+01
2.85427135678391952e+00 -1.59081681539147922e+02 -3.06554409547644617e+01
2.87437185929648242e+00 -1.51494933779738489e+02 -5.03890516028360409e+01
2.89447236180904532e+00 -1.40680236370132462e+02 -5.60270266340795970e+01
2.91457286432160823e+00 -1.32898639408685682e+02 -5.86531154169241233e+01
2.93467336683417068e+00 -1.23234249815486990e+02 -5.86477093740922655e+01
2.95477386934673358e+00 -1.19741636015354160e+02 -5.93126306875360712e+01
2.97487437185929648e+00 -1.09027620283396971e+02 -6.82105221900681187e+01
2.99497487437185939e+00 -1.01740446864545120e+02 -6.52077294440174597e+01
3.01507537688442229e+00 -8.90380658554413742e+01 -7.32702917049775238e+01
3.03517587939698474e+00 -7.88308277115238099e+01 -6.23857798418985965e+01
3.05527638190954764e+00 -7.13328284235508931e+01 -5.43735154114648935e+01
3.07537688442211055e+00 -6.86683420594396949e+01 -4.41318445740144156e+01
3.09547738693467345e+00 -6.43039615298575740e+01 -6.53931010874978540e+01
3.11557788944723635e+00 -4.66761289058683175e+01 -4.69599616703735308e+01
3.13567839195979881e+00 -5.09937910315229459e+01 -2.16376729902633969e+01
3.15577889447236171e+00 -4.75610710883483776e+01 -2.07070215992042073e+01
3.17587939698492461e+00 -5.42745890613668109e+01 3.64881316840165892e+00
3.19597989949748751e+00 -6.39373163293168574e+01 -6.14335802987617186e+00
3.21608040201005041e+00 -6.33477014152518194e+01 -2.09422636178794761e+01
3.23618090452261287e+00 -6.27630537884455038e+01 -2.23164201145567915e+01
3.25628140703517577e+00 -6.26018411141585389e+01 -2.34148839526689159e+01
3.27638190954773867e+00 -6.30934670458944851e+01 -3.06713865489294228e+01
3.29648241206030157e+00 -5.35689787031741673e+01 -3.58448142108232943e+01
3.31658291457286447e+00 -5.11276607247565664e+01 -7.01464392172648488e+00
3.33668341708542693e+00 -5.89489249521403167e+01 3.83787913834865702e+00
3.35678391959798983e+00 -6.55225595316303355e+01 4.24355411299609209e+00
3.37688442211055273e+00 -7.14553906519446542e+01 -3.69690760433785570e-01
3.39698492462311563e+00 -7.60743386844352898e+01 -1.11634504418093901e+01
3.41708542713567853e+00 -7.47181663986102080e+01 -1.85695221382118731e+01
3.43718592964824099e+00 -7.47795111646247364e+01 -1.65266073288740323e+01
3.45728643216080389e+00 -7.74689430779107369e+01 -1.69956787760025563e+01
3.47738693467336679e+00 -7.76074178380387991e+01 -2.71246120244236693e+01
3.49748743718592969e+00 -7.67618530308815110e+01 -3.76733182765464747e+01
3.51758793969849259e+00 -7.15363502971136285e+01 -4.55630144582825096e+01
3.53768844221105550e+00 -6.91327103919820871e+01 -4.54175717987871650e+01
3.55778894472361795e+00 -6.73176309627005622e+01 -5.47222404533436730e+01
3.57788944723618085e+00 -6.19424865586291631e+01 -6.17604763372938876e+01
3.59798994974874375e+00 -5.66195809717650818e+01 -6.02723613633639772e+01
3.61809045226130666e+00 -5.32881439692068497e+01 -5.84630047768494094e+01
3.63819095477386956e+00 -5.04866064778942487e+01 -5.69976789699370130e+01
3.65829145728643201e+00 -4.79580223926972806e+01 -5.61646334936622793e+01
3.67839195979899491e+00 -4.65159065183322298e+01 -5.34570352170722529e+01
3.69849246231155782e+00 -4.47108881946394519e+01 -5.55289586490782767e+01
3.71859296482412072e+00 -4.22229972932939717e+01 -5.59860391613558619e+01
3.73869346733668362e+00 -3.95686642974568485e+01 -5.54094425979842811e+01
3.75879396984924607e+00 -3.76540313745554442e+01 -5.46986108135468854e+01
3.77889447236180898e+00 -3.56776731859288887e+01 -5.58943793084427867e+01
3.79899497487437188e+00 -3.34479086792833584e+01 -5.66477340787652111e+01
3.81909547738693478e+00 -3.10746829860245732e+01 -5.77358313657082434e+01
3.83919597989949768e+00 -2.85999747887638982e+01 -5.75090024620221172e+01
3.85929648241206014e+00 -2.67575967563250856e+01 -5.68706755126081589e+01
3.87939698492462304e+00 -2.49746344725024514e+01 -5.79446964765459427e+01
3.89949748743718594e+00 -2.28961874844372808e+01 -5.80968727906797255e+01
3.91959798994974884e+00 -2.11401322236086067e+01 -5.82348332888303730e+01
3.93969849246231174e+00 -1.93756053395647783e+01 -5.77951977325404584e+01
3.95979899497487420e+00 -1.81927664657547119e+01 -5.63761480891679199e+01
3.97989949748743710e+00 -1.76424125265946614e+01 -5.55243372036240217e+01
4.00000000000000000e+00 -1.77723435653822506e+01 -5.55159165050852010e+01
