# SHG sigma units=A/V^2 component=yyz
# full-BZ normalized susceptibility/conductivity
# energy_eV total_re total_im
0.00000000000000000e+00 5.43612541177093072e-11 -7.09538201961241466e-10
2.01005025125628144e-02 4.07698943823175884e-11 8.07569506457748356e-11
4.02010050251256287e-02 4.07335878045779675e-11 1.60459777363615364e-10
6.03015075376884396e-02 4.07356097028970920e-11 2.38700278207220252e-10
8.04020100502512575e-02 4.07585621573669565e-11 3.16418650895473588e-10
1.00502512562814075e-01 4.08003868229330277e-11 3.93750933931330665e-10
1.20603015075376879e-01 4.08606894988635723e-11 4.70746192532476247e-10
1.40703517587939697e-01 4.09394670564490463e-11 5.47433038285867053e-10
1.60804020100502515e-01 4.10368648631274848e-11 6.23832056217090143e-10
1.80904522613065333e-01 4.11531117295306365e-11 6.99958878372868945e-10
2.01005025125628151e-01 4.12884989903437002e-11 7.75824891173956317e-10
2.21105527638190968e-01 4.14433735171485787e-11 8.51437148585477136e-10
2.41206030150753759e-01 4.16181360232838328e-11 9.26797929295416267e-10
2.61306532663316604e-01 4.18132417612493989e-11 1.00190407201693326e-09
2.81407035175879394e-01 4.20292025198634347e-11 1.07674612399155913e-09
3.01507537688442184e-01 4.22665894882694598e-11 1.15130729843321797e-09
3.21608040201005030e-01 4.25260368117624701e-11 1.22556221642147979e-09
3.41708542713567820e-01 4.28082457877750596e-11 1.29947539440996690e-09
3.61809045226130666e-01 4.31139897056087106e-11 1.37299942491496287e-09
3.81909547738693456e-01 4.34441193713050017e-11 1.44607278261663835e-09
4.02010050251256301e-01 4.37995693833150984e-11 1.51861716928832656e-09
4.22110552763819091e-01 4.41813652412287845e-11 1.59053428690940112e-09
4.42211055276381937e-01 4.45906313961295320e-11 1.66170189694552221e-09
4.62311557788944727e-01 4.50286003646404506e-11 1.73196898229096167e-09
4.82412060301507517e-01 4.54966230580889203e-11 1.80114977280323624e-09
5.02512562814070307e-01 4.59961805027423605e-11 1.86901632014126132e-09
5.22613065326633208e-01 4.65288971586584595e-11 1.93528920456675745e-09
5.42713567839195998e-01 4.70965560844369296e-11 1.99962581335540170e-09
5.62814070351758788e-01 4.77011162405670428e-11 2.06160542932512731e-09
5.82914572864321578e-01 4.83447322761850237e-11 2.12071008078718328e-09
6.03015075376884369e-01 4.90297772142346780e-11 2.17629968743811875e-09
6.23115577889447270e-01 4.97588685263606894e-11 2.22757942086307961e-09
6.43216080402010060e-01 5.05348981854920817e-11 2.27355627015713483e-09
6.63316582914572850e-01 5.13610673999727611e-11 2.31298037311847443e-09
6.83417085427135640e-01 5.22409268717362343e-11 2.34426441577092721e-09
7.03517587939698541e-01 5.31784235797900765e-11 2.36537073972494638e-09
7.23618090452261331e-01 5.41779552810329550e-11 2.37364966894994337e-09
7.43718592964824121e-01 5.52444341164025055e-11 2.36560195863807134e-09
7.63819095477386911e-01 5.63833609016706672e-11 2.33651918252244817e-09
7.83919597989949701e-01 5.76009117806255073e-11 2.27992003143621307e-09
8.04020100502512602e-01 5.89040387519955199e-11 2.18662994244052368e-09
8.24120603015075393e-01 6.03005846891197503e-11 2.04320565972432192e-09
8.44221105527638183e-01 6.17994109318936433e-11 1.82909217649776995e-09
8.64321608040200973e-01 6.34110848334416423e-11 1.51122446992686104e-09
8.84422110552763874e-01 6.56466259785029248e-11 1.03369210938882237e-09
9.04522613065326664e-01 1.33797969936067931e-10 3.04147622341708998e-10
9.24623115577889454e-01 1.50940378013195998e-09 -7.07707598993753696e-10
9.44723618090452244e-01 6.34040293251425990e-09 -7.36403411066572009e-10
9.64824120603015034e-01 9.00898401843165332e-09 1.25043760509042289e-09
9.84924623115577935e-01 8.12010402805191074e-09 2.89295220350749509e-09
1.00502512562814061e+00 6.81870594445254163e-09 3.61166315915256663e-09
1.02512562814070352e+00 6.10454746549397588e-09 3.59962260547678975e-09
1.04522613065326642e+00 6.22244699767389825e-09 3.08747303782801953e-09
1.06532663316582910e+00 9.01893637384934417e-09 2.38208971737143258e-09
1.08542713567839200e+00 1.64546975066211063e-08 3.70364452000655759e-09
1.10552763819095468e+00 2.00976547274788074e-08 7.80773518741346210e-09
1.12562814070351758e+00 1.99709914260660869e-08 1.17326228771640468e-08
1.14572864321608048e+00 1.93095872710099017e-08 1.54210061459711117e-08
1.16582914572864316e+00 1.83977961494850411e-08 1.91908308206668547e-08
1.18592964824120606e+00 1.56056540127522595e-08 2.29301639226869918e-08
1.20603015075376874e+00 8.96274112101938475e-09 2.55162200323232064e-08
1.22613065326633164e+00 1.63382927839703712e-09 2.56660581370699734e-08
1.24623115577889454e+00 -4.30185457462987204e-09 2.36310201664939622e-08
1.26633165829145722e+00 -7.67759338899401661e-09 2.05407542997229387e-08
1.28643216080402012e+00 -1.29171475477444198e-08 1.62417071857224293e-08
1.30653266331658302e+00 -1.94990451980294797e-08 8.23129132098931556e-09
1.32663316582914570e+00 -2.50596220065359703e-08 -4.83315778205050414e-09
1.34673366834170860e+00 -2.22091519139138936e-08 -2.49359315540788371e-08
1.36683417085427128e+00 3.31785828066743167e-08 -4.75495333180698903e-08
1.38693467336683418e+00 2.46467731410698467e-07 -2.06191363147622818e-08
1.40703517587939708e+00 2.93455187318807207e-07 1.15158062952274201e-07
1.42713567839195976e+00 1.14763470643169049e-07 1.84165888778197200e-07
1.44723618090452266e+00 2.39541482074410503e-08 1.98420708653112192e-07
1.46733668341708534e+00 -5.05535136416187002e-08 1.99186317887856739e-07
1.48743718592964824e+00 -1.21885051394320845e-07 1.87514831188778383e-07
1.50753768844221114e+00 -1.90861221107750623e-07 1.55101745529723827e-07
1.52763819095477382e+00 -2.28759134451088190e-07 1.12617155151075329e-07
1.54773869346733672e+00 -2.59435054457352109e-07 6.30821095745371479e-08
1.56783919597989940e+00 -2.58818091888847570e-07 6.62229172644777827e-09
1.58793969849246230e+00 -2.17502657938453437e-07 -3.99595780328008741e-08
1.60804020100502520e+00 -1.50747732622073121e-07 -6.20749054441816071e-08
1.62814070351758788e+00 -1.22188334947385231e-07 -6.54528704527510238e-08
1.64824120603015079e+00 -1.32714628433250293e-07 -7.46522258734480217e-08
1.66834170854271346e+00 -9.73761586015445634e-08 -9.29616682348880288e-08
1.68844221105527637e+00 -3.50709141866272218e-08 -8.56969250316212311e-08
1.70854271356783927e+00 -5.36375222652047784e-08 -7.03417999389605406e-08
1.72864321608040195e+00 -5.17154937911491861e-08 -7.52653076645111060e-08
1.74874371859296485e+00 -3.36222560007783609e-08 -6.95350149716832867e-08
1.76884422110552775e+00 -2.93106167844223267e-08 -6.35677651667332328e-08
1.78894472361809043e+00 -5.38401063713452313e-08 -5.62708780595328725e-08
1.80904522613065333e+00 -9.76523660815431710e-08 -7.49664782579657349e-08
1.82914572864321601e+00 -7.80077962647435298e-08 -1.05231648255966983e-07
1.84924623115577891e+00 -3.62430106669687301e-08 -1.18363853867679676e-07
1.86934673366834181e+00 9.09127866129353541e-09 -1.21051552218757039e-07
1.88944723618090449e+00 3.43011447252844120e-08 -1.07442552695480298e-07
1.90954773869346739e+00 4.36431017408902145e-08 -1.01093988252438028e-07
1.92964824120603007e+00 6.65295955755090061e-08 -8.95374383642797310e-08
1.94974874371859297e+00 8.47916430671105109e-08 -7.31863937659894972e-08
1.96984924623115587e+00 9.00076034367975236e-08 -5.19118721750735186e-08
1.98994974874371855e+00 6.99826659275606751e-08 -3.73628965427540577e-08
2.01005025125628123e+00 8.27834231019441938e-08 -3.19450354400712036e-08
2.03015075376884413e+00 1.48211115085334066e-07 -2.64353755841384151e-09
2.05025125628140703e+00 1.97966434710362567e-07 6.76716901684476415e-08
2.07035175879396993e+00 2.27142659018550695e-08 1.64279006946357043e-07
2.09045226130653283e+00 -3.78477449189579945e-07 9.12456411170405410e-08
2.11055276381909529e+00 -2.82282365900873816e-07 -6.96743587544092533e-08
2.13065326633165819e+00 -1.33546001207869509e-07 -1.14340866376261467e-07
2.15075376884422109e+00 -2.15573659101629186e-07 -1.83273460221037275e-07
2.17085427135678399e+00 -3.14826746311463937e-07 -3.59664622185712626e-07
2.19095477386934689e+00 3.85417349006154738e-07 -4.44972518883443104e-07
2.21105527638190935e+00 3.59554376417670469e-07 -2.07455844222146611e-07
2.23115577889447225e+00 3.17427947511474937e-07 -1.51335580366805300e-07
2.25125628140703515e+00 3.17169345149329665e-07 -1.60102924573207375e-08
2.27135678391959805e+00 5.32802698565960680e-07 1.04490391412829664e-07
2.29145728643216096e+00 2.35776676236907092e-07 2.86596610632368246e-07
2.31155778894472341e+00 -1.89983309609631870e-07 1.43741650337939933e-07
2.33165829145728631e+00 2.76847909892589641e-07 5.25918853976983189e-08
2.35175879396984921e+00 2.06410370246949146e-07 1.54517840553463010e-07
2.37185929648241212e+00 1.21274396766280067e-07 1.11335418477433170e-07
2.39195979899497502e+00 3.06840158431313085e-08 1.34468931693969514e-07
2.41206030150753747e+00 8.43111723595711853e-08 9.05109470426098752e-08
2.43216080402010038e+00 1.47909585865889815e-07 1.81307546188943344e-07
2.45226130653266328e+00 -9.17733486627721154e-08 2.07884701176638701e-07
2.47236180904522618e+00 -6.96493241101106448e-08 1.68731574730209893e-07
2.49246231155778908e+00 2.39084261425746585e-08 2.32016879366020688e-07
2.51256281407035198e+00 -1.32768219154123933e-07 2.51606739450052365e-07
2.53266331658291444e+00 -2.57908184983290043e-07 2.11037846713798460e-07
2.55276381909547734e+00 -2.40328518856140305e-07 1.41292368788738238e-07
2.57286432160804024e+00 -2.14500389132592026e-07 1.09078030618466859e-07
2.59296482412060314e+00 -3.90537342728250865e-07 1.62080246122471599e-08
2.61306532663316604e+00 -2.53904650264311599e-07 -9.15085379582132515e-08
2.63316582914572850e+00 -1.72582064320545799e-07 -1.35679262734694889e-07
2.65326633165829140e+00 -1.81155446574914494e-07 -1.75732761247431171e-07
2.67336683417085430e+00 -1.50214776980922896e-07 -2.34856008822798883e-07
2.69346733668341720e+00 -1.58330660836149548e-08 -2.55229452698445065e-07
2.71356783919598010e+00 4.94205178824060866e-08 -2.41448023766816237e-07
2.73366834170854256e+00 2.04645707728682117e-08 -2.40828528328437793e-07
2.75376884422110546e+00 8.35917787382340670e-08 -2.85017471111145260e-07
2.77386934673366836e+00 3.07846919981308833e-07 -2.86491396206508328e-07
2.79396984924623126e+00 5.46391881522631986e-07 -1.77610248731452218e-07
2.81407035175879416e+00 4.83717244242118016e-07 -2.28545510021201278e-08
2.83417085427135662e+00 3.81141635333620799e-07 2.47535490589534531e-08
2.85427135678391952e+00 4.32716066755286993e-07 7.97523992635747791e-08
2.87437185929648242e+00 5.47433329611502762e-07 2.26464261431276092e-07
2.89447236180904532e+00 3.10028412035701420e-07 3.50421180089747035e-07
2.91457286432160823e+00 1.58173200382229845e-07 4.08214365293261314e-07
2.93467336683417068e+00 -6.32587157743789834e-08 4.10281210418727707e-07
2.95477386934673358e+00 -8.94488174927674194e-08 3.79750751611457011e-07
2.97487437185929648e+00 -9.23104046257905558e-08 3.57567996359095305e-07
2.99497487437185939e+00 -8.03738272826056971e-08 3.86414758240128525e-07
3.01507537688442229e+00 -4.27420168598690589e-07 3.45728894941135261e-07
3.03517587939698474e+00 -6.38993608594354382e-07 1.02883694623375947e-07
3.05527638190954764e+00 -4.29299454552883542e-07 -2.80980285513438008e-08
3.07537688442211055e+00 -3.25740960357191563e-07 -1.35811345921724476e-07
3.09547738693467345e+00 -1.57332463175066021e-07 -1.22150984859211999e-07
3.11557788944723635e+00 -1.20622267612650482e-07 -8.45993002779229367e-08
3.13567839195979881e+00 -1.14188265325096842e-07 -7.33168915581155104e-08
3.15577889447236171e+00 -8.43924826609134518e-08 -6.27467477346482797e-08
3.17587939698492461e+00 -1.35047535756769371e-07 -5.51302075573489377e-08
3.19597989949748751e+00 -2.21840092507315583e-07 -9.94085949747868337e-08
3.21608040201005041e+00 -1.73678506199038566e-07 -1.65809817489946884e-07
3.23618090452261287e+00 -1.05274236070436152e-07 -2.03383784030473784e-07
3.25628140703517577e+00 1.82786730216963381e-08 -2.32357610274750446e-07
3.27638190954773867e+00 2.00172472349421147e-07 -1.85043910617063254e-07
3.29648241206030157e+00 2.19030661683471585e-07 -1.03850155442011888e-07
3.31658291457286447e+00 1.96261139950223888e-07 -5.47213805560418848e-08
3.33668341708542693e+00 1.82272881029287010e-07 -1.59195821633566223e-08
3.35678391959798983e+00 1.70591069319283333e-07 6.70418259338196150e-09
3.37688442211055273e+00 1.13823059162127389e-07 2.10010385182733011e-08
3.39698492462311563e+00 1.71921383758186743e-07 -1.43105053243130366e-09
3.41708542713567853e+00 2.75075970784750871e-07 6.57783039720300715e-08
3.43718592964824099e+00 1.73316740386944528e-07 1.09242588648717992e-07
3.45728643216080389e+00 1.20137098660540430e-07 1.10346671838288880e-07
3.47738693467336679e+00 1.63615577978160558e-07 1.18635045963702757e-07
3.49748743718592969e+00 1.15967652827273566e-07 1.55096119373565600e-07
3.51758793969849259e+00 5.11719237456616672e-08 1.38809318386611722e-07
3.53768844221105550e+00 1.37972181120877750e-07 1.45241167825183276e-07
3.55778894472361795e+00 2.96537937863427073e-07 2.17075513356664304e-07
3.57788944723618085e+00 3.03116751337939303e-07 3.58084225328586964e-07
3.59798994974874375e+00 1.41587170565349855e-07 4.69458880988598447e-07
3.61809045226130666e+00 -1.54286652055991940e-07 5.02242895123218726e-07
3.63819095477386956e+00 -3.15086838828516928e-07 4.33187183522609404e-07
3.65829145728643201e+00 -4.22195529217749926e-07 3.73941791657398057e-07
3.67839195979899491e+00 -5.45538779649514252e-07 2.70032159487205132e-07
3.69849246231155782e+00 -5.30637838245329314e-07 1.62467897861186861e-07
3.71859296482412072e+00 -4.70800475457690636e-07 9.11508422439785522e-08
3.73869346733668362e+00 -4.22760476515706945e-07 5.48203420005411816e-08
3.75879396984924607e+00 -4.41285240127070024e-07 1.70780993994937400e-08
3.77889447236180898e+00 -4.18987581770595511e-07 -2.84113724910129275e-08
3.79899497487437188e+00 -3.75131130771751856e-07 -6.66095489687369841e-08
3.81909547738693478e+00 -3.18429568870837956e-07 -8.56508428089432253e-08
3.83919597989949768e+00 -2.80051334658722427e-07 -9.44402860502926168e-08
3.85929648241206014e+00 -2.69048593802969733e-07 -9.66912239748752895e-08
3.87939698492462304e+00 -2.74400323102193336e-07 -1.04811105438390923e-07
3.89949748743718594e+00 -2.97722794691952245e-07 -1.18943107623865732e-07
3.91959798994974884e+00 -3.14408008862857158e-07 -1.53086368567061066e-07
3.93969849246231174e+00 -2.84519312934272207e-07 -1.78917627899410908e-07
3.95979899497487420e+00 -2.89161973202741399e-07 -2.00068803821694291e-07
3.97989949748743710e+00 -2.90697115316731764e-07 -2.36420086228546923e-07
4.00000000000000000e+00 -2.47073189783947762e-07 -2.71927904887962738e-07
